0.18145847
0.50365543
1.0126133
1.6379595
1.8226147
2.6564522
2.7105904
2.9358673
2.527317
0.8725195
-0.21504402
-1.8295903
-3.561502
-4.332219
-4.362684
-2.2387605
1.5048828
3.4110746
3.9088707
1.8241539
-1.8651342
-1.6344299
-2.0825076
-0.49932766
0.5478964
-0.3184185
-0.16058731
-0.98233604
-1.2146616
-1.0577841
-0.5515957
0.20624161
0.74279976
1.178834
1.439683
1.9051151
1.9630098
2.0809727
2.1280165
1.3812943
1.3494787
0.49487114
-0.70615864
-0.9890232
-1.9948616
-2.4906468
-2.894528
-2.4235926
-1.1449871
1.004672
2.540224
1.9789562
1.6696215
2.2926512
-0.5383663
-0.67793846
0.37325478
-1.8640251
-0.027525902
1.0640259
-1.0335388
-0.60732746
-0.5848198
-0.96033096
-0.29667282
0.43984413
1.0376272
1.6899729
2.3726292
2.4943037
2.3840485
2.306879
1.5604744
1.1858644
-0.016036034
-1.0794077
-1.8898292
-2.9149022
-2.7903728
-1.9871707
-0.3925848
1.4196653
2.1070595
1.2670698
2.1335173
0.79149437
-0.26102066
0.7049236
-1.0433035
-0.954587
0.7028408
-0.74555683
-0.7421179
-0.34329224
-0.795496
-0.54224014
-0.18967152
0.1732359
0.67870045
1.0372849
1.7384081
2.2693758
2.261055
1.9808064
1.939002
0.96058655
0.7871971
0.23790169
-1.0208492
-0.86903477
-1.5635939
-1.7636299
-1.2736797
-1.3677368
-1.1559172
-1.0107002
-0.45208836
0.34539795
0.3654518
0.22655487
0.3670559
3.0477915
0.67504597
0.19648266
1.569994
-1.2945318
0.22471523
1.5294485
-0.796628
-0.589447
-0.44970894
-0.6938238
-0.2466507
0.26614666
0.7383938
1.6566925
2.220378
2.4424725
2.2077618
1.608388
1.304966
1.147912
1.4573126
0.86310005
-0.17995453
-0.97885704
-2.3774652
-3.1106873
-3.0033174
-1.8410635
0.1711359
2.3523312
2.934455
1.818244
2.1702375
-0.13385391
-1.0857344
0.18889427
-1.628417
-0.66454506
0.8466654
-1.3647814
-1.0154572
-0.8273287
-0.9924326
-0.01054287
0.75967693
1.5997143
2.250327
2.7145014
2.461481
2.8716621
2.6611834
2.6217136
3.0670576
1.3793793
-0.11094284
-1.5114889
-3.4704213
-4.4150224
-3.960093
-1.5951843
2.0615273
3.5918264
3.1358986
2.961378
0.7727747
-1.1007757
0.85209656
-0.93211746
-0.86369133
1.3207741
-1.1048784
-1.3721352
-1.2200174
-1.1850672
-0.1273346
0.70538235
1.8668537
2.5678387
2.9292126
2.7812042
2.9111729
2.8046293
3.0019016
1.9931307
-0.5540924
-2.2160583
-4.0138216
-4.8448977
-4.429303
-1.7382755
2.7399454
4.4975433
4.4653435
2.9199953
2.5644808
-0.7830696
1.8840437
1.9691229
-0.54327106
2.0667076
0.032681465
-1.4427586
-0.9450779
-0.98443794
-0.9685974
-0.02552414
0.5470009
1.7046785
2.7700214
2.814849
2.6720037
2.4471369
1.9504395
2.5748005
1.6593046
-0.021683693
-1.0785046
-3.0904374
-4.1635017
-4.231767
-3.0754828
1.618743
4.320966
3.6356535
3.7395716
0.804615
-1.9160004
1.4634361
-0.07156944
-0.46747017
2.1468792
-0.7367363
-1.3403473
-1.0115643
-1.0270176
-0.3568182
0.83817196
1.7428341
2.1784506
2.6115599
2.450739
2.7618904
2.898346
3.145091
1.6751089
-0.7463341
-2.2142987
-4.1840525
-5.2319765
-4.462438
-1.2202768
3.104103
4.486514
4.3599386
3.5612202
-0.7845707
0.667326
0.9009266
-0.24293518
1.6096153
-0.4227743
-1.0751572
-1.0256128
-1.1756802
-0.8014984
0.18119812
1.0024662
1.7805033
2.4694014
2.8409262
2.6084223
3.0023432
3.0813951
3.4922924
2.161993
-0.6070862
-2.4113407
-4.8286414
-5.7306147
-2.5848722
2.9353075
4.2425594
4.532116
5.088831
-1.3256893
1.0808563
2.5118237
0.18917179
2.5370378
0.4510994
-1.0298071
-1.1365633
-1.5168133
-1.0966425
0.07457161
1.3499107
2.7235432
3.3180723
3.4452972
3.2450686
2.7309217
2.8690062
1.5546627
-0.2517166
-1.5868063
-3.337831
-4.3545117
-4.256313
-2.0989532
2.0130968
3.633335
3.4803534
2.9519234
-0.041145325
-1.8210254
0.6767187
-0.7225313
-0.79996395
1.415144
-0.74282265
-1.5776834
-1.4435349
-1.3275156
-0.40985394
1.0362158
2.2993946
3.2511797
3.0728703
2.995738
2.9781628
2.6937351
3.016427
1.5618048
-0.7407665
-2.61899
-4.3315754
-5.0669646
-3.8165302
1.6111822
4.2574463
4.8415184
4.253416
-0.35795593
-2.837862
0.62296104
-0.086559296
-0.20212173
2.2061577
-0.19353008
-1.4696951
-1.4875164
-1.5976019
-1.1457376
0.14999199
1.3101988
2.495366
3.1194763
2.9051847
3.2863722
2.8288126
2.8671913
2.5310993
0.42851353
-1.0560884
-2.8489847
-4.393406
-4.7494645
-3.7583876
0.68186665
3.7290497
3.693122
3.0877695
2.2884102
-1.6559677
1.3885546
1.9462976
0.14282513
2.6151218
0.04226494
-1.314126
-1.288661
-1.5592737
-0.91398144
0.24964142
1.4420996
2.6183996
3.5295563
3.1372595
3.452365
3.128872
3.1311245
2.4376488
0.1021595
-1.5566082
-3.8277516
-4.9707747
-5.0286837
-2.3696656
3.4392977
4.5050955
3.7326403
6.958166
-0.24638844
-0.46024323
1.3859701
-3.4398117
-0.91763306
-0.7280369
-1.5221863
-1.3980846
-1.2435236
-0.37533855
0.6641731
1.9996386
2.8978634
3.010683
3.6568766
3.3828125
3.5997849
2.71282
0.105529785
-1.5040789
-3.7006469
-4.897993
-4.5942373
-2.0072203
3.270153
5.1929836
4.637207
5.491742
-0.8475971
0.4123602
2.221983
0.10553837
2.1389856
0.2570181
-1.228631
-1.2135925
-1.3415518
-0.94524574
0.26972866
1.1708517
2.0565166
2.7404852
3.1193552
3.4114752
3.1730843
3.1655493
2.8945045
0.6456957
-1.384263
-3.1270533
-4.7754292
-5.3314176
-4.046161
2.2151804
4.808922
4.6693773
5.640938
-0.29867077
-1.8045597
0.48792744
-1.4994211
-0.56023026
1.2907238
-1.1521978
-1.0438957
-1.200778
-1.4774427
-0.4719019
0.58764744
1.8495426
2.5570993
3.0636482
2.9251986
3.357893
3.2950277
3.6504812
2.4966555
-0.31874084
-2.1102262
-4.242792
-5.513539
-4.9061446
0.015396118
3.8584833
5.0742826
5.1608477
3.146473
-1.308939
1.1204767
1.3682623
0.5333557
2.3591871
-0.2909193
-1.2424841
-1.313962
-1.2133656
-0.57670593
0.6746216
1.7940645
2.4280462
2.8219385
2.6975698
3.4188194
3.596056
4.1105328
2.9988747
0.10637188
-2.0700293
-4.393543
-5.436959
-5.170227
-0.26840878
4.160776
4.661442
4.4233084
1.2326393
-2.4870596
0.015547752
0.7375841
0.3326807
1.7243891
-0.3912754
-1.2441301
-1.3249683
-1.2964935
-0.4054432
0.599082
1.8390341
2.6488876
2.9223356
2.9717035
3.3412828
3.2781878
3.8333921
2.5804482
-0.18052387
-1.9451957
-4.13002
-5.4531856
-4.818887
-0.4773283
3.6485643
4.706564
4.515979
3.7173052
-1.0187387
1.0730753
2.2749434
0.21975803
2.4185743
0.3493538
-1.2526274
-1.1113834
-1.1816998
-0.4966669
0.7766762
1.7884426
2.739523
2.8972425
2.9857502
3.188054
2.9987154
3.5984983
1.6563187
-0.8020754
-2.5066395
-4.757725
-5.173309
-4.1211543
2.8645563
5.3133717
5.224272
6.7058296
-0.9880562
-2.085042
0.21161366
-2.05197
0.1228075
0.88616467
-1.1642637
-1.5928917
-1.7743273
-1.556035
-0.2628193
1.0530729
2.6465645
3.454792
3.4963026
3.540596
3.3867712
3.3271017
3.3274193
1.185317
-1.2129774
-2.9583101
-4.6384687
-5.540197
-4.177095
1.5030041
4.0778437
4.7672873
4.7952337
-1.4060745
-2.9198027
-0.985816
-2.1914992
-0.5801134
1.3951483
-0.8039093
-0.9407244
-1.1111908
-1.2823906
-0.4582386
0.3177309
1.3820324
2.4329586
2.9057684
2.9508972
3.2354298
2.850648
3.4945107
2.3765507
-0.16936111
-1.7818604
-3.7809582
-4.724581
-4.804792
-2.1962876
3.2711964
4.41673
3.8156652
5.61989
-1.2339096
-1.3851547
1.7992764
-2.2417393
0.7198086
1.2851057
-1.3643408
-1.3504658
-1.276267
-1.2536793
-0.26465607
0.9782829
1.981286
2.8576946
2.9282513
2.894621
3.1998339
3.2557182
3.2529898
1.1620684
-1.0596504
-3.0074768
-4.9554734
-5.661743
-3.9526572
2.5660028
4.7574377
5.0572004
6.4144115
-1.3421869
-1.998424
0.10954285
-2.4610767
0.3033743
0.7512455
-1.1230507
-1.0021296
-1.0968666
-1.1566143
-0.082265854
0.92602825
2.038041
2.6655207
2.4315634
2.8808765
2.9112387
2.962533
2.9280977
0.9696274
-1.1195374
-3.0740504
-4.3881135
-5.08359
-4.2832003
0.79698944
4.0225916
5.000823
5.206236
-0.80813503
-2.6877804
-0.75988865
-1.8726015
0.02114582
1.6369228
-0.6848192
-1.0325241
-1.2088547
-1.5668354
-0.82356834
0.46743488
1.7882986
2.8196468
3.424738
2.97923
3.416442
3.1302423
3.4457722
3.0851517
0.35813618
-1.524168
-3.7809587
-5.2052903
-5.311399
-1.6060925
3.3334074
3.8611841
4.194339
3.8975182
-1.6869469
1.1423731
2.067091
0.2370882
2.347478
-0.008952141
-1.4472065
-1.2417145
-1.5988674
-0.9252224
0.46320915
1.6095257
2.7627687
3.4283056
3.1070566
3.369197
3.629096
2.4925318
0.73980045
-1.7178488
-4.018884
-5.033967
-4.5972276
-1.9769759
3.2675285
4.7952967
4.3246956
5.511204
-1.1264696
-0.21125317
1.8025293
-1.7599401
1.6664209
0.6427307
-1.366374
-1.17698
-1.4875164
-1.3045197
-0.08132172
0.8718672
2.0324335
3.1561575
2.9983606
3.716195
3.3350735
3.369852
3.1949615
0.35346317
-1.3586636
-3.340757
-4.868753
-5.046363
-3.4065795
2.227827
4.612623
4.1826487
3.962181
1.22995
-2.1309953
1.0591011
1.1477938
-0.5274744
2.2593946
-0.24621391
-1.6552954
-1.2740278
-1.4461412
-0.68107796
0.46385956
1.4399223
2.377967
3.1383648
2.8012094
2.9038858
2.6282568
2.7415047
2.6408424
0.5224781
-1.1452446
-3.235443
-4.67986
-5.0410657
-3.7631745
1.5752344
4.1974907
4.2594366
4.5422745
-0.13664436
-2.4619098
0.42623806
-0.9141073
-0.49426556
2.0028276
-1.0257502
-1.274168
-1.3074884
-1.6267614
-0.6499157
0.35599995
1.545001
2.4645271
3.304284
3.0467014
3.1606236
2.892847
3.1102152
2.8304052
0.6892662
-1.041091
-3.4829059
-4.8521748
-5.123667
-3.3265557
2.483056
5.1260405
5.5669994
4.3773117
-0.6605387
-1.569211
-0.47590637
-1.2140999
-0.42832184
0.07749081
-1.2431335
-1.1114368
-1.0508108
-0.9710007
0.09189415
0.8237314
1.8987207
2.75247
2.8239002
2.5988922
2.8068438
2.6765003
2.9026232
1.4427423
-1.1773033
-2.6810994
-4.372746
-5.205189
-4.3480673
2.2239103
4.5287514
4.605834
6.0563374
-1.4645348
-3.0755243
-0.30283833
-2.5042763
-1.1673441
1.367382
-1.3504658
-1.4533234
-1.321742
-1.2332611
-0.075115204
1.16261
2.4009275
3.351945
3.1056337
3.5880604
3.2234316
3.350134
2.936967
0.35140896
-1.5649776
-3.7950597
-4.9888577
-5.108953
-2.2057033
2.6864166
3.923295
3.9583197
4.4668303
-0.93987656
-0.34666443
1.5491428
-1.2843065
1.1015053
0.52009773
-1.4445448
-1.4176989
-1.5957041
-1.2377195
-0.03181362
0.9931259
1.9513073
2.4678907
2.4814253
3.0395336
3.01412
3.0954142
3.1601505
0.8876219
-0.96478844
-2.9091978
-4.530633
-4.9819317
-3.7752194
1.6152763
3.9950113
4.3186216
4.702153
0.43181992
-2.2409673
0.71992207
0.022108078
-0.2943411
2.0787487
-0.640399
-1.2982492
-1.0188541
-1.0107203
-0.30244827
0.36311722
1.3730087
1.9418697
2.565342
2.6990995
3.1083775
2.6347523
2.8521347
1.8011541
-0.6542835
-1.7210951
-3.552596
-4.444556
-4.0370054
-1.1021719
2.1619778
3.0667896
3.6166153
3.5590754
-0.00253582
0.09264374
1.1221828
-1.2952833
0.38305473
1.160572
-0.7102051
-0.37628365
-0.285676
-0.36448765
0.12544155
0.27905846
0.17894173
-0.24426365
0.9295187
1.3005161
1.7270756
2.4819765
1.1792469
-0.0502882
-1.0533218
-1.1244926
-0.73136806
-0.3680439
0.19920826
0.26222324
0.21338177
0.12969017
-0.2609434
-0.65833855
-0.80022144
-0.6338339
-0.34936142
-0.053596497
0.52512646
2.1954117
1.4715071
0.26598167
0.7269964
-0.88374233
-0.25968075
0.5957117
-0.41109848
-0.23863983
0.060142517
0.28312302
0.2840786
0.11878967
-0.023531914
-0.034279823
0.31038094
0.71160126
1.232254
1.9665394
2.327077
2.1875572
2.3537273
2.0838509
2.46597
1.2988119
-0.29612637
-1.5291204
-3.7732053
-4.45765
-4.179089
-2.135758
1.8744478
3.7208242
3.314559
2.954976
1.5978193
-1.3015852
1.4040213
0.71465206
-1.0000124
1.5554066
-0.68893814
-1.0308228
-0.7772951
-0.8874121
-0.3036976
0.3587742
1.1490726
2.0113316
2.6952562
2.5869608
3.003437
2.8260002
3.396863
3.276287
1.0742521
-0.9510565
-3.172814
-4.881468
-5.578393
-3.443542
2.7685385
3.730112
5.5956993
5.9009237
-1.7015247
1.1353388
0.85056496
-0.4420004
2.2091608
-0.42554283
-1.1883383
-1.1697598
-1.6305609
-1.276473
-0.12445068
0.86125565
1.961504
2.9156876
3.0343552
3.4595966
3.2999334
3.2993803
3.8022652
1.6791468
-0.46929836
-2.3963046
-4.4269576
-5.3371625
-4.8577385
0.7101011
4.399085
4.187891
5.0921183
-1.663311
-4.0174417
-1.1733913
-2.2778869
-0.7132549
1.4978943
-1.061326
-1.4226532
-1.3471317
-1.4553661
-0.3024187
0.58572006
1.7651157
2.3330612
2.7134714
2.781417
3.1468735
3.077609
3.4130535
2.5700798
-0.092505455
-2.0172997
-4.1260343
-5.5042152
-5.644926
-1.805707
3.4261198
3.5179272
4.1601915
3.5964909
-2.4208293
0.51299
1.2530146
-0.4019699
2.06645
-0.18897724
-1.2800303
-1.3264666
-1.7922821
-0.880167
0.46404934
1.993681
3.1931705
3.7453566
3.3530169
3.7567883
3.4618683
3.5670185
3.1095762
0.25569916
-1.8213615
-3.800293
-5.222214
-5.6424084
-3.2030845
3.7175121
4.886833
4.861294
6.496763
-1.3268051
0.06386471
2.2794876
-0.47351074
1.6022425
0.24784279
-1.3472195
-1.4152222
-1.5673752
-1.1470108
0.24880219
1.551013
2.4269018
3.1299133
3.2247915
3.8217926
3.8536625
3.9793148
2.9632444
-0.12526512
-2.2228556
-4.1702943
-5.4486923
-5.4827313
-0.3600769
3.8103876
4.1098595
5.5789356
-0.6394787
-2.5951424
-0.6688986
-2.2250085
-0.40050125
1.2108641
-1.3384628
-1.2571507
-1.3584547
-1.3016081
-0.20738697
0.8865719
2.2099867
3.0526094
3.102128
3.0221043
2.7479343
2.5246334
0.9026947
-1.1657877
-2.9303708
-4.75699
-5.5505805
-4.6336784
2.1113415
5.1568813
5.065441
5.9381475
-1.172843
-2.6293344
-0.11526775
-1.9431672
-0.4627247
1.119628
-1.2940531
-1.6611357
-1.6748009
-1.4565325
-0.21148491
0.9439802
2.1994286
2.6532364
2.8891068
3.0077524
3.1099358
3.3346643
3.8585367
1.9342003
-0.75188446
-2.6989298
-4.554439
-5.418382
-5.0074534
0.7168026
4.1470633
4.683774
5.9497137
1.190403
-2.502016
0.6645975
0.08345699
0.016198158
2.2691622
-0.24807644
-1.3643408
-1.3914566
-1.5929813
-1.1789474
0.4087286
1.7240019
2.9219637
3.9968987
3.363078
3.816183
3.2612982
3.3537989
2.692028
-0.21581745
-2.096222
-4.259087
-5.491364
-5.231085
0.50814533
3.9543648
4.4924316
6.5269413
-1.7304153
-3.3317828
-1.0206814
-3.3420334
-0.3006134
1.2914677
-1.5010405
-1.5177088
-1.5186157
-1.4990196
0.07653332
1.5292196
3.0107346
4.036295
3.8365946
4.0919056
3.5997715
3.2042398
1.4999533
-1.2552624
-3.1082497
-4.8439445
-5.6941624
-4.554156
2.353795
4.832062
4.550004
5.4151354
-1.8124685
-4.033631
-0.11687565
-2.0210395
-1.5402546
1.7435093
-1.2663879
-1.7801504
-1.3626394
-1.3808498
-0.25637722
1.0746346
2.4677696
3.6259956
3.343194
3.877489
3.8630981
4.0051813
2.859497
0.1639185
-1.9430251
-4.5197616
-5.714897
-5.836278
-0.55000305
3.3956337
3.6358128
7.207224
-0.26446152
-0.5066261
1.3106413
-0.8351822
1.3874607
0.48078823
-1.3273306
-1.4536896
-1.5006275
-1.2683973
0.15751648
1.2938251
2.5369177
3.5366764
3.0962267
