1.9183893
1.9205093
0.92887974
0.6486063
0.87582874
0.41475582
0.3487692
-0.27399254
-1.4386778
-1.8906732
-2.353345
-2.0672116
-0.6146107
1.1161385
1.4481258
1.962513
3.2205849
0.44889355
-0.6634197
0.39772797
-2.2601662
-0.8789196
0.8679676
-1.2939215
-1.0310764
-0.905756
-1.0739565
-0.28909683
0.54103184
1.5916691
2.5191622
2.4781256
2.7491684
3.5584097
3.7989864
3.1796846
0.6191101
-2.4104877
-4.5698967
-5.3575683
-4.091003
-1.3979845
2.248458
2.8882961
3.8828564
3.8227444
-0.5384655
0.19214153
0.392972
-1.4368277
0.06923008
-0.16056824
-1.3129568
-1.7277508
-0.83323956
0.21334457
1.439394
2.5073643
3.0441685
3.3226519
5.2733135
4.662122
2.7915745
0.08027744
-4.159969
-5.951274
-5.3527966
-3.178339
0.7640476
2.4697046
4.0371056
4.787157
0.5689535
0.7590008
1.1554289
-1.1540947
0.096242905
-0.70648384
-1.5510454
-1.4434681
-0.6258793
-0.32459927
0.017284393
0.5776119
0.9037676
1.1760054
1.9474564
3.3761578
4.1939087
4.0186605
2.275735
-0.5120821
-2.8776803
-4.3896885
-4.0220256
-3.1053147
-1.4660463
1.6592236
2.7634554
3.9229374
4.6490574
0.55994606
0.22334671
0.6010866
-1.1807537
-0.24033546
-1.039959
-1.6540222
-0.7977505
0.019701004
0.5456209
0.33294678
-0.14358234
0.26058388
1.3429756
2.6136513
3.2271109
3.186861
2.9701147
2.7190056
1.3373089
-0.24499035
-2.1960802
-4.2995644
-4.515149
-4.1444993
-2.7698846
1.2445984
2.8114758
3.9699593
4.810567
0.44949913
0.033813477
0.8146801
-0.8937588
0.06798077
-0.49163628
-1.5011301
-1.4837589
-0.8686609
-0.09026146
0.44903755
1.2776766
1.6156502
2.0067854
2.492735
2.5787182
3.3168354
3.3458529
3.2096357
1.767705
-0.11457825
-1.9392986
-4.1264424
-4.306238
-3.3726397
0.17725086
2.341402
3.5915499
5.195586
1.0800476
-1.217371
0.3463583
-1.4114208
-0.30829525
0.58943176
-0.8981724
-1.5069733
-1.0194464
-0.6475153
-0.32718182
0.16133213
0.96759605
1.6399298
2.3472195
2.6908188
2.3346424
2.4601421
2.2886019
1.5408745
0.18275928
-1.5126972
-3.2194972
-4.0248647
-3.843473
-2.8588839
0.65148926
2.537466
5.074358
4.786064
-0.88738155
-0.8712244
-1.0426998
-2.066217
0.05835724
-0.5118923
-1.5785961
-0.83129597
0.10812092
-0.023504257
0.4004526
0.82295513
1.6845818
2.8490276
2.7726898
3.2871017
2.9818764
2.5830908
1.4346676
-0.28174114
-1.9459987
-3.6931925
-3.7333803
-3.1808586
-1.3256674
2.219161
2.9885702
5.2300787
3.8041668
-1.5824404
0.4822855
-0.28242302
-0.73692036
1.1181002
-0.42437553
-1.6349297
-1.3686161
-0.78787136
-0.09073925
0.75706005
1.7944727
2.7390575
2.850318
2.8423634
2.5616093
2.6909447
2.1589394
0.6525974
-1.1723919
-3.6572328
-4.4168286
-4.28967
-2.7263618
1.0000982
2.5692482
3.5103035
5.3174133
0.82759666
-0.28258896
1.3879337
-1.3310719
-0.15902996
0.4231205
-1.3394814
-1.8448839
-1.1807318
-0.46184158
0.50121784
1.636364
2.4595299
3.0105677
3.2223864
3.518054
3.4881
2.2223768
0.037064552
-2.1849246
-4.355873
-4.775927
-3.9018722
-1.2288475
2.4492798
3.0474157
5.048023
2.8549347
-1.6551476
0.2702074
-0.39592552
-1.2154169
0.28942776
-1.4416609
-2.2136145
-1.5121708
-0.70368195
0.038251877
1.2258492
1.7437019
2.2981539
2.9707537
3.368352
4.343278
4.049073
2.4620485
-0.2830162
-2.6942458
-4.737428
-5.183169
-3.9180431
-0.95368576
3.2411098
3.2475414
5.156019
3.2309895
-1.6367912
0.6161642
-1.0837355
-1.8062878
-0.66665554
-1.9563775
-1.8706617
-1.1556597
-0.4033413
0.95574284
1.476696
2.1797667
2.968873
3.104333
4.0907907
3.9986725
3.7058468
1.9177637
-1.2314758
-3.2249346
-5.3228865
-5.581356
-4.061446
0.1154995
2.551525
4.196723
6.462694
0.719738
0.34516144
1.6768541
-1.9327579
0.4447136
-0.6132784
-2.1717925
-1.596303
-1.3187141
-0.5726366
1.0313301
1.5534058
2.4277964
3.248579
3.4481325
4.3489876
3.8931522
2.8205585
0.28002453
-2.5504808
-4.6813984
-5.7009344
-4.774618
-1.8008862
2.4338303
2.5729427
5.273382
3.302246
-2.2609158
0.82128906
-0.8133621
-1.8942127
0.5031071
-1.2610998
-2.162188
-1.4016924
-0.7225313
0.2598276
1.7307091
2.815775
3.8708582
3.8754892
4.113159
3.5135841
2.3835
0.24346828
-2.045848
-3.9091024
-5.2934003
-4.686758
-2.6859174
0.9951439
2.9266262
4.795493
5.253587
-0.51371956
-0.1824894
0.5129185
-1.9487243
0.61883354
-0.47837257
-2.1589851
-1.9285069
-1.1361246
-0.4560461
0.9944143
2.3047256
2.8469753
3.012413
2.9697447
3.7209272
3.7199392
3.2558317
1.0774307
-2.0443182
-4.2386093
-5.668328
-5.0519586
-2.0741663
2.2754812
3.2879171
6.07158
2.9149437
-1.5283127
0.6422167
-0.84041595
-0.3790865
1.0691185
-1.386014
-2.5139108
-1.6950264
-0.47650242
1.0069885
2.584072
3.3298979
3.4699974
3.7591276
4.638793
4.6602488
2.451066
-1.3626719
-4.2362113
-6.5922194
-6.0464964
-3.2714658
1.2728901
2.977829
5.3429794
4.459239
-0.70403767
0.20694637
0.004207611
-1.3975439
0.22696209
-1.2102251
-2.4885044
-1.7448425
-0.6285057
0.33803177
2.1550484
3.083828
3.334649
3.274373
3.954175
4.044299
3.8447237
1.4764423
-1.7639875
-4.1874022
-6.1666265
-5.062544
-1.8337655
2.3698874
2.799179
5.4594326
3.7143078
-2.041308
0.9204607
-0.22758484
-1.766283
0.59189415
-1.4091997
-2.3752556
-1.2398624
0.015396118
0.8409424
2.1148577
2.2683
2.7504091
3.401394
4.170149
4.224801
3.2518263
0.4299898
-2.7059274
-4.972962
-6.0773354
-5.16341
-1.1137304
2.8812275
3.1275826
5.602129
1.7202282
-1.679821
1.1027813
-0.09096813
-0.25446415
0.26391888
-1.1957035
-2.2604117
-1.4612436
-0.6472931
0.6679554
1.9707375
2.4374971
3.363346
3.4381075
4.1924896
4.339076
3.339984
0.92270947
-2.2377434
-4.681851
-5.9267626
-5.35413
-1.7496071
2.9793377
3.3326092
5.056452
3.1740065
-1.1596813
0.9914341
0.9659424
-0.9333935
-0.6738949
-1.6073589
-2.4584632
-2.2690458
-1.0102034
-0.17899036
0.9944143
2.511838
3.5828857
3.7029362
4.1180286
3.7394075
3.2876263
1.7143536
-1.0465527
-2.7989316
-5.074564
-5.0828238
-3.0704556
0.58617496
2.9249954
3.8189335
5.963254
0.86376
-0.4364252
1.3002319
-1.9540973
-0.46954632
-0.46497726
-1.6580725
-1.8733616
-1.1611509
-0.11204243
1.0196762
1.987997
2.161932
2.9261103
3.9446268
4.927243
5.151778
2.9587555
-1.0765915
-4.024175
-6.084182
-5.8974204
-3.7683797
0.13532639
2.6309433
2.2800636
4.846426
1.5560188
-0.54047775
1.4431467
-0.86471844
-1.2880735
-1.1901674
-1.6763868
-2.0161562
-1.3063202
-0.4215889
-0.017988205
0.8894167
2.063301
3.2795343
3.7502222
4.3107204
4.0924997
3.9152403
1.9531937
-1.3470879
-3.4363303
-5.9483876
-5.737379
-3.3938236
0.3879776
2.7670555
5.5794125
5.2780313
-0.8203888
-0.48391247
-0.35353088
-2.1424475
0.7721958
-0.8937893
-2.280992
-1.6550112
-0.64324284
0.05090618
1.2603588
2.0104513
2.3262281
3.1383638
3.6239529
4.372504
4.2691336
2.3672657
-1.0982084
-3.5196385
-5.6124234
-5.957486
-3.8574886
0.44216156
2.728118
3.924883
6.6285954
1.0279408
-0.020413399
1.5321159
-2.903391
-1.0063143
-1.1789799
-2.565875
-1.6208668
-0.7971735
0.48948574
1.8036156
2.4533882
3.0444717
3.4066677
4.224682
4.3834906
3.9142876
1.4380255
-2.131019
-4.4234242
-6.05843
-5.46742
-2.7622042
1.8986816
3.2310467
4.358289
5.602298
-0.31697083
0.098386765
1.3630819
-1.9668059
-0.43484116
-1.0616341
-2.1909266
-1.773612
-0.7585449
0.94345474
1.7737312
2.5390377
3.2498293
3.3194723
4.381032
4.10448
3.6516113
1.5734177
-1.6673212
-4.2154684
-5.9494696
-5.4846196
-2.9077592
1.8620138
2.490654
4.635248
4.1816187
-1.4332266
0.50927734
0.703043
-1.9811587
0.16617012
-0.94489956
-2.3506322
-1.7135153
-0.4687624
0.9087553
1.9797125
2.5492506
3.310566
3.560151
4.73816
4.503935
3.4456682
0.24003506
-2.95506
-5.098401
-6.3616443
-4.9234753
-1.0633211
2.9454947
3.7105207
6.696417
2.5800056
-0.21444416
1.7271471
-1.1939154
-0.39284134
-0.9584646
-2.0769858
-2.020265
-1.3371811
-0.36146164
0.8163309
1.4891272
2.5893412
3.3806963
3.3842115
4.1220446
3.644042
2.6528492
0.2618084
-2.4442
-4.357728
-5.67113
-5.14272
-1.5742569
2.3414335
3.1650124
5.3305826
3.7792225
-1.1184692
0.5687561
-0.055441856
-1.4082832
-0.33594322
-1.1142006
-2.1819553
-1.4689941
-0.35612106
0.20032978
1.5259781
2.553814
3.1685953
3.4686346
3.897111
3.9265308
3.4542675
1.2407532
-1.6347485
-3.5467262
-5.2792416
-5.172348
-3.0644264
1.61232
2.8031292
5.458412
4.8371563
-1.0732031
0.21376133
-0.6784458
-1.9766321
-0.32463837
-1.4740467
-1.9793806
-1.2892056
-0.40449524
0.66627216
1.4800339
2.4332771
3.174734
3.3837614
4.3083286
4.189906
3.494915
1.0240784
-2.2832599
-4.321555
-5.7432413
-5.129057
-1.7714643
2.4814482
3.4950266
6.487631
3.022705
-0.5427208
1.2447071
-1.1731758
-0.50609684
-0.8613472
-1.9539318
-1.9859252
-1.0107946
-0.29764748
0.3352518
1.298687
2.2422543
3.0964355
3.2984037
3.776497
3.8181782
3.1841993
1.1288271
-1.2607746
-3.3841543
-5.037797
-4.969336
-3.1783528
0.94968224
3.1236591
4.267558
5.0610123
0.44811535
-0.18731785
1.0064735
-0.44485283
0.51488686
-0.64579487
-1.8928294
-2.2976375
-1.4835033
-0.5057783
0.44188023
1.7756758
2.200426
2.6016293
3.1514778
3.7543745
4.27594
3.764966
1.4984436
-1.5625134
-4.0094995
-5.6369104
-5.2079315
-3.416892
0.18639755
2.4576015
4.7590113
6.077531
0.22286606
-0.72269535
-0.11518192
-3.352775
-0.9857321
-0.64193726
-2.0623355
-1.1450195
-0.07180786
0.32998276
0.9982004
1.4627867
2.3178234
3.2073765
3.654416
3.8196754
3.3791838
1.3234663
-1.1607971
-2.8852482
-4.976302
-5.134077
-3.8632293
-0.7463646
2.5947418
4.091485
5.737705
2.3972797
-1.3547983
0.3496456
-1.942471
-0.91977215
0.19318104
-1.4555435
-1.1117668
-0.9511938
-0.55594635
0.56467056
1.2914009
2.6244898
3.4850578
3.2564278
3.746889
3.4510775
2.0401468
0.086382866
-1.9589419
-4.046773
-4.730498
-4.6414485
-2.8737864
1.9365463
3.034174
3.8919535
5.617941
0.12546062
-0.39770985
1.3530207
-1.4047499
-0.96401215
-0.3694296
-1.4780216
-1.2792788
-0.24822235
0.070017815
0.40277958
0.53544617
0.9324217
1.899641
2.2042036
2.848668
3.6696148
2.4035034
1.3320465
0.3643303
-1.8920565
-2.688314
-3.1299982
-3.6121917
-2.8998175
0.0790205
1.718852
3.572567
2.4066706
-0.27721405
1.3239822
-0.011129379
0.41990948
1.4131851
-0.6884804
-0.23743725
0.066373825
-0.2988577
-0.07300758
0.03939247
0.06378937
0.050022125
0.41091728
0.36266232
0.55020714
2.1712122
2.4948769
2.3563194
1.9053364
0.13709927
-0.43023014
-0.7354889
-0.84180164
-1.1754541
-1.8029833
-2.017931
-0.8610153
1.1394157
1.7981262
3.4198294
2.2856483
-0.9925804
0.76699543
0.08417034
-0.8457346
1.3828869
-0.652915
-1.5391321
-1.0959082
-0.633399
-0.47225857
-0.054157257
0.712183
1.3988657
1.9512529
3.056426
2.675602
2.2889395
2.362793
2.398078
2.0419645
0.4544363
-1.4954472
-3.636001
-4.779561
-4.393903
-2.153748
1.7814007
2.9218836
5.693713
3.9672728
-1.5874281
0.19233608
-1.080492
-1.4582653
0.6922445
-0.8475046
-1.9088445
-1.0652514
-0.15892315
0.44382668
1.6346769
2.0840464
2.4387312
3.01441
3.2171812
3.7584095
3.7468348
2.0254583
-0.73682785
-3.1084714
-5.0415916
-5.2484508
-3.1680613
0.25145817
2.443798
2.4956532
4.3349323
1.4504671
-1.55933
0.6189766
-1.1967373
-1.9260573
-0.18696213
-1.2562389
-1.8873582
-1.0639353
-0.17273045
0.95539856
2.015851
2.5992365
3.2201357
3.409503
4.182926
4.226281
2.9797297
0.13065147
-2.5584621
-5.026762
-5.851774
-4.5897727
-1.3649902
2.7238111
3.2455378
6.19792
2.819603
-0.4192257
1.4961538
-0.90437984
-0.3153391
-0.6348553
-2.0806828
-2.2958093
-1.8290553
-0.9257555
0.8409519
1.5865488
1.8451729
2.5660553
2.902135
3.9205933
4.5633583
4.0279894
1.4353943
-1.8033314
-4.307655
-5.884865
-5.219403
-3.1359468
1.0727091
2.7877684
4.6928034
5.2457256
0.018530846
0.19525814
0.57039165
-1.617547
-0.21294498
-1.5030508
-2.2221584
-1.6467543
-0.8673849
-0.005856514
1.189704
1.8559074
2.5596962
3.2974339
3.3433638
4.2031603
3.7738476
2.0673876
-0.28457546
-3.0799494
-4.939877
-5.47448
-4.1755795
-0.14919949
2.5271368
2.0152864
4.1558676
1.8981915
-2.2721105
0.31429386
-0.20443058
-2.280696
-0.12006378
-0.9945164
-2.452911
-1.7148685
-0.08094978
1.1594391
2.2487202
2.7205458
3.533185
4.5625525
5.2729206
5.1594963
2.70323
-1.8715725
-4.9987445
-6.7102146
-6.167034
-3.4106822
1.4620781
3.1037521
3.9203968
5.820691
0.9486828
0.3257723
1.5473528
-1.7295542
-0.8449793
-1.1414223
-1.8521104
-1.7942495
-1.0989857
0.4797783
1.5160294
1.8564796
2.647272
3.4087448
4.0526342
4.7489653
4.5396175
2.2414246
-1.67488
-3.7446008
-5.887515
-5.469879
-3.1937785
2.13243
3.1509762
4.9926014
5.3477173
-1.2848177
0.17458344
0.7065468
-1.9935908
0.004207611
-1.2486382
-2.5400958
-1.9354444
-0.814414
0.60422325
2.0125704
2.993187
3.5619202
3.889041
5.302024
5.077941
3.8615093
0.44317532
-3.293332
-5.72016
-6.8522587
-5.3499856
-1.4475622
2.5548038
2.7714224
5.655613
2.2927809
-1.4656916
0.91197586
-0.39293003
-1.0381289
-0.13464928
-1.6954393
-2.7755556
-2.13733
-0.8582163
0.8334131
1.922596
3.0066376
4.1325035
4.157262
5.1184473
4.863823
3.2518263
0.14642334
-2.996953
-5.3162713
-6.3131175
-5.0427012
-1.7027264
2.6886806
3.2880163
6.9822216
2.8081303
-0.5514059
1.4217882
-1.8629861
-0.7472248
-0.82818604
-1.8872638
-2.2532983
-1.1153526
-0.060836792
1.082901
2.1639767
2.4400501
3.0848122
3.4303722
4.7196283
4.7298355
3.2539577
0.015557289
-3.1093578
-5.543416
-6.283821
-4.915978
-0.2992468
2.830163
2.5385933
5.882867
1.3689013
-0.516675
2.1920261
-1.1571074
-0.4060936
-0.68694496
-2.0544224
-2.1905856
-1.1561632
0.53249454
2.1144066
2.8988647
3.0419664
3.3007755
4.41343
5.192334
5.1360817
2.672637
-1.3285122
-3.954496
-6.985528
-7.0156417
-3.740027
2.0097923
3.2928457
5.0329857
5.792597
-0.694994
0.57442284
1.8967571
-1.3002548
-0.5314131
-1.0973454
-2.405774
-2.0019412
-0.9955063
-0.29670143
1.313653
2.5050898
3.6149845
3.7694273
4.2343893
4.3034124
3.871441
1.839838
-1.0458641
-3.3074746
-6.057243
-5.737812
-2.796629
2.0328255
3.4501743
6.4465466
3.4249887
0.23654461
1.7225466
-0.80051994
-0.30064297
-1.0520191
-2.1485615
-2.1855454
-1.2983694
-0.64437675
0.7037592
1.919116
2.3459063
3.2673874
3.6671028
4.793207
4.8350277
3.5668745
0.38225365
-3.4666157
-5.7143536
-6.415539
-5.2184324
-1.2967119
2.8527718
2.9235373
6.117732
2.7099094
-1.4003687
0.94224644
-1.1811304
-0.943099
0.023589134
-1.4669809
-2.0705204
-1.4391441
-0.40765285
0.75804424
1.4527979
2.2327042
2.9053087
3.4484406
4.703368
4.7497807
4.035471
1.4385862
-1.8178658
-4.027111
-5.8051877
-5.56407
-2.322136
2.918459
3.83809
6.3636055
4.228363
-1.1379642
0.60234356
-0.6189709
-1.2372856
-0.82727623
-1.7787066
-2.3292656
-1.2236042
