-0.010656357
0.03582096
-0.056441307
-0.30018425
-0.35435486
-0.20021915
-0.018831253
0.22365189
0.31910515
0.4513979
0.7360363
1.4979181
1.6535683
1.0603132
1.2148457
1.2902975
1.3829613
1.4408712
0.5355711
-0.86574554
-1.9416218
-2.4489012
-2.3488412
-2.0132995
-1.2601242
0.38375473
0.60757256
1.225605
2.691516
0.39146137
1.4365406
1.3865995
-0.07567692
1.2488947
0.5349264
-0.54283047
-1.0154781
-1.2841425
-0.64119816
-0.05457592
0.9985523
1.8315125
1.7892017
2.8020773
3.672389
3.145648
1.8026962
-0.24050045
-2.2642355
-3.611353
-4.3010974
-3.8749142
-0.9876461
3.1019402
4.3643312
2.3279867
0.05419922
-0.052265167
0.15508652
1.231967
1.0028696
-0.56938267
-1.8006306
-1.9548774
-1.334115
-0.40191174
0.42389965
1.7583656
2.211607
2.296606
3.650322
3.6484127
2.5001917
1.0200272
-0.8010149
-2.207851
-3.55586
-3.7325706
-3.2749724
-0.3526764
2.4517078
3.325039
4.3917446
0.22022915
-0.5347643
0.6484289
-0.33379936
1.1903782
1.016428
0.5450468
-0.113832474
-0.29689693
-0.3787918
-0.3318014
-0.076314926
0.25834465
0.9472246
2.1093254
4.5274763
4.4398756
2.0599947
0.17514133
-1.6852102
-3.2685428
-4.2123833
-4.0775003
-2.6487198
0.9505358
4.022826
4.393958
1.3655806
-0.8157244
-0.41847515
-0.21442413
1.1529236
1.2018433
0.21118736
-0.4135065
-0.37771797
-0.4418707
0.036046028
0.53018856
1.1111345
1.4548492
1.882576
4.4018803
4.587867
3.3884935
1.5958672
-1.3087215
-3.238563
-4.6315994
-5.0788198
-4.449471
0.8112469
3.4351654
5.093668
4.032608
-1.1741219
0.1710701
-0.051390648
0.38779545
1.2767067
0.73994064
0.08653355
0.35433006
0.11683655
0.45150566
0.7824764
1.5439796
1.6454706
1.0537729
2.7502842
3.7647533
3.7853441
2.8648205
0.33533382
-1.9157062
-4.2196503
-5.098145
-4.7610145
0.03258705
2.7530756
5.271924
4.3402042
-0.6354618
-0.5665512
-0.8200178
-0.10990906
0.59221554
0.32093716
0.08560562
-0.00880909
0.20767689
0.7022219
1.0382433
1.809782
1.5557976
1.467905
2.5783958
4.1260405
3.954216
2.3946877
0.48947716
-1.7390108
-4.4732795
-5.0496964
-3.9723377
-0.10547161
3.3722878
5.508787
3.0096693
-1.6209908
-1.149229
-1.3591137
-1.0537462
0.7453842
-0.5227566
-0.8369913
0.08551216
0.79937744
0.6106367
0.80262184
1.5299063
1.76647
2.9866934
3.8107624
2.9942017
1.369051
-0.21368885
-1.2043896
-1.7506781
-1.6034689
-1.3903112
-1.3079243
-0.7551012
-0.43288136
1.6934013
2.098484
0.49886894
-0.58598614
-1.1782913
-0.3339548
1.1648417
1.3142366
-0.12105942
-1.0192871
-1.4825668
-0.735754
-0.0007286072
0.98063946
2.2266703
3.0017862
2.959488
3.2086592
3.7589426
2.7726316
1.5836906
-0.47158337
-2.8521986
-4.9651194
-5.641651
-4.142059
0.9641609
5.408265
5.848179
3.2278805
-0.68747425
-0.908267
-0.6557112
0.48634148
0.8206692
-0.38053322
-0.3683691
0.048864365
0.22609329
0.7194557
1.3020515
1.3606644
0.7450762
1.5562391
3.3610716
3.6956358
2.95076
0.5134039
-2.2434683
-4.1588187
-5.3092947
-4.976129
-0.5230675
3.3937502
3.5124207
5.495409
2.0706835
-1.7979784
1.1205959
-0.9764099
-1.0820866
0.07713413
-0.14422512
-1.3723116
-1.0315409
0.23986912
0.90620995
2.133626
3.3253288
2.9233046
2.3524837
4.153967
4.7288837
3.4411602
1.1527967
-2.1003008
-4.2508
-6.0661097
-5.912136
-3.2507763
3.2526636
4.5021067
7.1535263
4.7967634
-1.1626635
0.8172293
-0.2830553
-0.3985386
0.5794697
0.5119829
-0.8059702
-0.013544083
0.71462536
1.5729275
2.3444242
2.1016235
1.5610619
2.3094282
4.3707447
4.656152
2.9478807
0.24998188
-2.519153
-5.2730174
-5.973133
-4.940658
0.6855278
3.1873112
4.561906
5.6668377
0.93701553
1.842474
1.3883228
-0.5202198
-0.78138447
-0.23891163
-0.96724415
-0.5820141
0.62245464
0.9998579
2.001688
2.1762056
2.0208082
3.5852137
5.445574
4.7549095
2.496234
-0.9458313
-3.6937385
-6.1481223
-5.7039175
-2.925449
3.8251743
4.5657663
6.4341106
4.804694
-1.4278002
1.2814426
-0.48343563
-0.7900524
0.070957184
0.053287506
-0.60988903
0.12288189
0.6674862
1.4656343
1.7255621
1.7159224
2.254758
4.0841007
4.7785673
3.7825127
1.6515036
-1.8610363
-4.8476276
-6.8433557
-6.1269875
0.56599426
2.8420258
4.24477
6.494259
0.34257507
2.305891
1.9836712
-0.84506226
-0.35462952
0.20508385
-0.26071072
-0.4765129
-0.49887848
-0.30072117
0.84028053
1.2520828
1.8407297
2.082572
2.6317778
4.623374
4.496751
3.3373032
1.3352108
-2.1168451
-5.1686068
-5.769096
-4.225647
1.4537287
2.4839687
4.6348495
4.3130198
-1.8546648
0.38465595
-0.1051569
-0.62088966
0.45624352
0.30307102
-0.3399105
-0.263052
0.24410534
0.19244766
0.8253031
1.5556993
1.5645218
1.7412281
2.9561396
3.7636604
3.6291313
2.591054
-0.12588787
-2.3005533
-5.064148
-5.5545487
-3.184219
1.3199396
2.4553318
5.732836
3.3355885
-1.2710161
0.6045532
-0.6688385
-0.7802229
0.5479498
0.15692902
-1.2542543
-0.555706
0.160038
0.38043213
1.399189
2.3092222
1.970233
3.39009
3.7877598
2.2590485
1.0290956
-1.69664
-4.0089083
-5.786547
-5.5662355
-1.6571054
1.7865057
2.2711658
4.401495
1.0185194
-1.1614838
1.8300695
-0.771677
0.12785053
0.9444294
-0.5317631
-1.5842457
-1.6893234
-1.210042
-0.6530876
0.9833641
1.776844
2.2801409
3.7900667
4.734766
4.273081
3.2679253
0.8262539
-1.769249
-4.471002
-6.373242
-5.7114534
1.3144531
3.0726824
6.4850235
5.064636
-1.2326441
1.4118462
0.0049648285
0.39947224
1.4955225
-0.004825592
-1.1262779
-1.1919231
-1.1537838
-0.39211273
1.110362
2.5411463
3.0735044
2.594967
2.299755
3.2303352
3.7665033
3.6874857
2.1430836
-0.6393366
-3.5026507
-5.6947036
-5.6394916
-2.0593057
1.8570604
1.6338663
3.9619856
1.6374416
-1.5772886
2.207716
-0.3239727
-0.68844986
0.2776146
-0.6262226
-1.0298386
-0.5167942
0.13592339
1.0979509
2.00527
2.7344952
2.658908
1.5674171
2.47157
3.1959963
2.5262804
2.1046295
0.17703724
-1.9212804
-4.294968
-5.1302867
-3.83143
1.8835287
3.478119
4.5750055
4.717265
-1.087904
0.17450905
1.5901308
-0.5968981
0.6075821
0.29052067
-0.56606007
-0.710042
-0.6823797
0.08720875
0.9391136
1.9240513
2.316845
2.1311398
2.5346622
3.9186668
3.938137
2.8100348
0.57599545
-2.1683064
-3.8016672
-5.5130205
-5.732504
-2.34766
2.1908665
3.6295662
4.0191975
1.4614859
-0.5362253
1.0549259
0.08010864
0.6660061
0.13550377
-0.8728123
-1.453867
-1.3471642
-0.33978367
1.3878012
2.734746
2.5837183
2.2652283
3.0178108
4.2346067
4.647498
3.4398937
0.40719414
-2.27907
-4.900866
-6.501505
-4.180309
1.7302752
2.1398468
3.903101
3.8442411
-0.7133875
2.417512
1.0331364
-0.5202799
0.007678032
-0.5919132
-1.2861347
-1.2140026
-0.057629585
1.0502024
2.419218
2.7779388
2.4772797
2.8065414
3.8108845
3.8011208
2.5618706
0.26074028
-2.5597038
-5.0071635
-6.231834
-3.7856402
1.576416
2.620407
4.30315
1.6695576
-1.6450615
0.8102169
-0.47694016
0.27937126
-0.15764523
-1.06886
-1.3843288
-0.71534634
0.38872337
1.4278584
2.3846264
2.4646864
1.771143
2.5696383
3.8567448
3.800766
2.7153254
0.22141361
-2.312426
-5.051354
-5.9710283
-3.4829202
-0.23025799
0.121769905
3.7375517
1.9368782
-1.5514717
2.59593
-1.4625673
-0.20970726
0.89698505
-0.48063946
-0.70273495
-0.9141798
-0.0537014
0.9584398
1.7915697
2.6466904
2.5273695
2.491271
4.3886404
4.4437103
3.067583
1.1712322
-2.0644197
-4.101805
-5.755793
-5.989039
-1.7229424
1.6109638
3.3158255
4.1139383
-0.037252426
-0.8233919
0.98421574
-0.45367527
0.41470146
-0.3206482
-1.1512003
-1.183239
-0.24608707
0.6368618
1.3812361
2.4901476
2.2760181
1.812233
3.1198702
3.8411627
3.4174528
2.227641
-0.5131302
-2.7230477
-5.110553
-6.174126
-3.7464066
1.9889555
3.1613293
5.5260687
2.8944454
-2.0456328
1.3105078
-0.6217871
0.084638596
0.42463303
-1.0650921
-1.5963259
-0.9314394
-0.04816723
0.83989716
2.1118622
2.36133
2.187317
2.3671904
3.7565079
3.923336
2.7059135
0.7272253
-2.2274437
-3.8665228
-5.3557963
-4.9851623
-0.37612534
1.921545
1.9288588
4.1027927
0.88057613
-1.1773882
1.7977743
-0.38023758
-0.938674
0.15284157
-0.8018179
-0.8230219
0.53523064
1.9467955
3.3397799
3.7100334
2.2184582
2.6332989
3.6987467
3.4058666
2.723877
0.28239632
-2.6072435
-5.450651
-6.2550545
-2.935039
2.1359873
2.4486809
4.861459
2.537571
-1.8424611
1.6173468
0.022202492
-0.4068241
0.11750889
-0.85832024
-1.5354872
-1.1346378
-0.07968998
1.1111784
2.2617931
2.7261496
2.3968992
1.8649387
3.0422182
3.7503653
2.9254093
1.5891619
-1.3527031
-3.7742505
-5.7829957
-5.9235134
-1.155757
1.7449627
1.6954498
4.081831
0.86144733
-1.5338726
2.1099482
0.13871288
-0.43210983
0.66756535
-0.38306236
-1.316267
-1.3145952
-0.47239876
0.4893055
2.22223
3.018547
2.5878963
2.306427
3.3986893
4.2625093
3.2894325
1.9118681
-1.6938486
-4.260141
-5.936026
-6.275905
-1.4725771
1.8049269
2.8401117
3.4114752
-0.6141968
-1.9282713
0.13389969
-0.29278183
0.15639877
0.1991148
-0.7923155
-1.3208132
-0.75119877
0.033615112
0.46896076
1.7884016
2.1560946
1.5981607
3.4008665
3.8938627
3.0555315
2.0437498
-0.63623047
-2.8797827
-5.130802
-5.621656
-3.1653652
1.6084442
1.9402351
4.2787247
3.3027916
-1.0827026
1.5956717
0.17551327
-0.5171938
0.40271664
0.03611374
-0.85015583
-0.7438059
-0.42428684
0.27912235
1.0085745
1.9198046
2.3924456
1.717267
2.681099
3.4527006
2.754612
2.2306166
0.48208714
-1.8704624
-4.040544
-4.3861966
-2.7418504
0.6346588
1.5795851
1.4217634
3.4399347
0.88959885
-0.098552704
1.6824827
-1.6484938
-1.3520994
0.05000305
0.15363312
-0.76317024
-0.6916561
-0.32202625
-0.32014847
0.34945393
1.3376322
2.1754017
2.574359
3.115306
2.5985928
0.6437521
-0.7409706
-1.592576
-2.4883528
-2.999473
-2.7915368
-2.3497615
-1.1248026
0.6711254
3.2342615
3.0306997
1.2874212
1.3955536
0.21615791
0.997797
1.6318884
0.98316765
0.34796524
0.072431564
0.016349792
0.27550793
0.8479881
1.5012417
1.6459894
1.7469788
2.6794662
3.475256
3.8078194
3.275196
1.4357557
-0.71541786
-2.9959311
-4.762614
-4.905709
-3.053306
-0.35626793
3.0331268
2.2286053
0.5748167
-0.48451042
-0.30507374
0.06197548
1.7138205
0.6510191
-0.24344921
-0.8652992
-0.80324936
0.1622715
1.4412661
2.5191402
2.6335678
2.1393032
2.9134054
4.2816954
4.0316563
2.7322025
-0.270792
-3.0186863
-5.1900554
-6.697151
-4.072985
2.8243847
5.76015
6.8333187
3.4362717
-1.4828901
-0.23809719
-0.06198883
1.7449551
1.0396461
-0.6734381
-2.0188832
-1.3573675
0.0006532669
1.6985855
3.2806683
3.776989
3.0714083
3.518402
4.1459656
3.3460093
1.623086
-1.8321834
-4.224999
-6.153527
-6.0317736
0.06558418
2.626937
3.6521425
4.4477644
-0.9355154
-1.0736923
1.414177
-0.6911268
-0.17728615
-0.52687454
-1.6120443
-1.6445274
0.042990685
1.5425568
2.8778496
2.8890772
2.1827307
3.1063728
4.476426
4.150731
2.7590857
-0.33642292
-2.8715792
-5.3215003
-6.4302044
-2.5818806
2.4785337
3.6327686
5.068054
1.377181
-2.075786
1.2448997
0.30890465
0.181077
0.30670357
-1.0192137
-1.9396996
-1.1953373
0.48663902
1.3499441
3.117653
2.6913004
2.3504763
3.8455658
3.8295422
3.2681103
0.95353603
-2.492916
-4.8632708
-6.667286
-5.391346
1.591506
3.3839588
4.3612213
4.396146
-1.85463
-0.77928734
1.8372974
0.07106972
0.4497614
0.38539314
-1.1054325
-2.0963664
-1.0156155
0.78817654
2.1816854
2.9914694
2.5155268
1.9301624
2.9469194
4.5885944
4.1921396
2.4439344
-0.942482
-3.9804835
-6.194689
-6.875964
-2.0063162
1.9399109
5.5706024
5.0195856
-0.30599117
-1.205306
-0.16928482
-0.002023697
1.4825153
0.57399464
-1.949492
-2.6794977
-1.382699
0.5908594
2.3760023
3.3539743
2.8567286
2.715147
4.149987
4.777938
3.8307743
1.371872
-2.0967512
-4.778878
-7.1261396
-6.2709694
1.1291237
2.3161478
3.8960562
3.3096313
-3.2184134
-1.3971577
1.2676725
0.3062992
1.017662
0.7907152
-1.3966618
-2.7634687
-2.1264405
0.033586502
2.6046715
4.407936
4.1470623
2.472145
2.8222618
3.583953
3.4219055
2.3326635
-0.8434782
-3.563908
-6.0795994
-6.5665817
-1.1375904
2.519825
5.8924246
4.7702656
-1.0425415
-1.2106466
-0.21048927
0.14672089
1.0050573
0.2288847
-1.6357927
-2.2906241
-1.2997427
0.17220497
2.2312489
3.474083
2.9922085
2.3816814
3.3374376
4.38323
3.9056454
2.1483383
-1.2660074
-4.0885534
-6.1856604
-6.9375377
-1.5062246
1.5569077
4.978161
4.352709
-1.1663456
-0.6797066
0.4323187
-0.031271935
1.0560112
0.37769985
-1.6733637
-2.2609162
-1.1611185
0.9209795
2.6943808
3.4108076
2.762865
1.9458723
3.595149
4.748022
4.052681
1.9329834
-1.6399717
-3.9410543
-6.1488323
-6.42222
-1.8744845
1.9904728
4.949939
4.073306
-0.9635925
-2.2666836
-0.3034525
-0.09232521
1.105484
0.50769424
-1.2713423
-1.8566947
-0.6341171
0.83659554
2.1501455
3.4638815
3.233344
3.068901
4.7594957
4.747468
3.9599228
1.7219028
-1.990766
-4.376434
-6.5864244
-6.233781
0.83984566
2.346609
4.2753
4.3769464
-1.8399458
-0.07077885
1.5424509
-0.10451603
1.0918837
0.237504
-1.2983799
-1.8266954
-1.0593424
0.37343693
1.874979
2.9075928
2.8147097
1.881815
3.65866
4.634959
3.9271526
2.8278723
-0.31638527
-2.771124
-5.3005786
-6.7249584
-4.622466
2.2817822
3.746233
7.813795
4.0225906
-1.7740049
1.8951464
-0.10760403
1.737565
1.1656618
-1.0956526
-1.6650429
-1.1623201
-0.41518593
0.6521721
1.8289928
2.4838934
2.1662169
1.8373537
3.7853174
5.1178265
4.353462
2.9528751
-0.5433912
-3.0442195
-5.1657276
-6.033912
-3.8095818
1.3772564
2.8539457
6.355406
3.3099709
-1.5762291
-0.34857655
-0.062065125
1.2292109
0.75106144
-0.2840395
-2.0415587
-1.7501135
-0.34241962
0.7789545
1.5918894
2.5135021
2.5218792
1.8044462
1.8382368
3.7325573
3.9014034
3.3957748
1.9004087
-1.3861799
-4.0410748
-6.1337748
-5.7927127
0.33707047
2.6105738
5.5090294
