-0.3951969
-0.54752827
-0.11926937
0.61236477
1.9121456
1.7047043
2.4841871
2.9719734
3.6094131
3.4501762
0.9945345
-1.3664074
-4.7086906
-6.018112
-4.4375896
-0.2016592
1.66955
4.9676914
3.1842632
-0.18207455
0.80136204
-0.94424057
-0.7057295
-0.2923231
-1.6059341
-2.136242
-1.7939024
-1.2796822
-0.033987045
1.2262764
2.2281342
1.8322611
3.1506538
3.6643763
3.411973
2.8754444
-0.6070547
-3.8931289
-5.9645047
-5.4734526
-0.6043539
1.7690992
3.9580374
5.524968
1.4168301
-0.12134743
0.009557724
-1.7681637
-1.3374662
-1.3265972
-1.4527464
-1.9386268
-1.3353195
0.43702888
1.2276134
2.155613
2.4252481
4.1511297
4.041827
3.4785252
1.9682417
-2.1335936
-4.501756
-6.1749945
-4.6465335
0.8293505
1.5825176
4.4663696
4.5678835
0.7596941
1.5261583
0.11623764
-1.2266207
-2.0348244
-2.2282763
-2.1257277
-2.1552262
-1.0943642
0.30287743
1.5250454
1.4118366
2.787488
4.333358
3.7539167
3.2075472
0.42648315
-3.4557405
-5.554178
-5.994072
-2.3968177
0.5788269
2.3682804
5.390686
2.4642096
0.44516468
0.8546114
-0.7501631
-1.3428011
-1.0790777
-1.4272127
-2.4432807
-0.93303776
0.5032959
1.9570179
2.312008
3.0679874
4.6173944
4.0549097
3.3100061
0.84791756
-3.0735126
-5.212957
-5.960861
-4.239209
-0.106285095
1.1977654
4.4603825
2.7465162
-0.27025604
1.6669626
-1.0249367
-0.6616945
-1.0886917
-2.5723472
-1.9030218
-1.6492786
0.55813885
1.926961
1.9657755
2.1883154
3.6445932
4.5993443
4.384347
2.8147173
-1.4869356
-4.3142715
-7.0435658
-6.1439667
0.7690382
2.4163427
4.816269
6.123231
0.9411249
1.3067265
0.7028227
-1.4119959
-1.9193864
-1.6385059
-0.90914345
-1.3824234
-0.13217545
1.0990391
1.670536
2.240345
2.7153616
4.4423494
4.045491
3.6670208
1.4229355
-2.704752
-5.8069496
-6.0989623
-0.46649647
1.3038645
3.6608229
5.6037064
0.73233986
0.13118362
0.31800652
-1.5377417
-2.027989
-1.877923
-1.5237532
-2.0290499
-0.5073528
1.017456
2.063325
2.652008
4.1251745
4.9555006
4.1372538
3.2242432
-0.6118965
-3.8015132
-6.514327
-6.4823365
-0.86710453
1.4002476
3.3318253
6.502468
1.6478195
0.80930805
1.738287
-1.1103268
-0.66385555
-1.0725546
-1.5218391
-1.9592848
-2.109274
-0.6355324
-0.1722498
1.1539736
2.0891466
2.7768412
3.7154741
2.7669306
2.1969728
0.9569578
-0.96733856
-1.8512707
-2.1475325
-1.6576633
-0.84576607
-0.45903206
0.24308968
0.2858982
-0.27088833
-0.54224014
0.8092022
0.8109503
0.12384415
1.0098696
-0.018698692
-0.4834652
-0.044566154
-0.581954
-1.0959187
-0.9469099
-1.5520229
-1.1483612
0.14602184
0.73644924
2.1286612
1.6377974
1.8783379
2.4435644
2.734295
2.514926
0.41119766
-2.164373
-4.681471
-4.167152
-1.6708317
-0.0141124725
1.5839758
1.7995558
1.4695578
0.8100939
0.60671806
0.96348
-0.90245247
-1.4904156
-1.5959406
-2.3587108
-1.8903337
-0.5322838
1.4072895
3.288313
3.1995554
4.0106
4.413762
3.3518887
2.988368
0.20504665
-3.3805737
-5.170167
-5.8568897
-3.3951116
0.3227682
1.2412148
3.586197
2.6848803
0.70834637
1.3976402
0.46321774
-0.5009632
-1.1773138
-1.4751711
-1.940454
-1.8526821
-0.11890602
1.8753605
1.8750515
2.7038374
4.3497868
3.7045832
3.4129772
1.5225077
-2.8391
-4.853149
-6.66897
-4.6884794
0.4194374
1.7153435
4.8673887
3.6980734
0.3304491
1.3561697
-0.6926832
-1.0543079
-1.5776482
-1.789875
-1.3721247
-1.4685831
0.7578497
2.0756884
1.9852133
2.948905
4.731653
5.242337
4.6537275
2.5295963
-2.5675154
-5.5144897
-7.741516
-5.766179
0.8198576
1.8906679
5.975178
4.865056
-0.063510895
1.610753
-0.4893961
-0.9582863
-1.5695715
-1.5665989
-1.6755877
-1.2319298
1.2716084
1.8601379
1.3836823
2.9413633
4.2384253
4.59132
3.769353
0.21262264
-4.201451
-6.965314
-7.5430074
-3.4346128
1.1552591
2.913106
6.309658
3.117137
-0.005572319
1.4155073
-1.7357578
-1.5223207
-1.6201868
-2.8657632
-2.7464085
-1.1595316
0.42665577
2.23775
2.5910234
4.173176
4.95327
4.5173006
3.262107
-1.0601377
-4.124728
-6.872611
-6.2786384
-0.81835556
1.2747984
3.9838762
5.4759445
1.8621416
1.3816671
0.49592495
-1.6406527
-2.6423216
-2.4356384
-2.1616297
-2.260326
0.06705952
1.396183
2.3148317
4.310425
5.3529196
5.5763016
3.6715631
0.17740822
-3.7297153
-6.8145723
-7.2354326
-2.9000998
0.73780346
3.4263077
5.5593357
2.4664698
-0.035144806
0.6324911
-1.5819216
-1.5247393
-1.496295
-2.0333204
-1.9603486
-0.26620197
1.5433006
1.9648132
2.8383007
4.282302
4.8427353
4.291601
2.550249
-1.3162241
-4.2102785
-6.0590982
-4.3832026
0.3677225
1.6139603
4.4338837
4.107826
0.6369333
1.5769138
0.012646675
-1.3921633
-2.2982178
-2.2623296
-1.8797479
-1.0277462
1.5754786
2.6432562
2.3821077
3.6052914
4.6306677
4.3222275
3.3853655
0.560627
-3.4938135
-5.1820254
-4.193299
0.30329132
1.8560658
3.9037704
4.339548
1.2338829
1.0945473
0.83915615
-1.2956657
-2.0015254
-2.081355
-2.2037015
-2.2373877
-0.84315777
1.0333157
2.381978
2.9443083
4.474283
4.8514137
3.9377117
2.505519
-1.4658909
-4.303423
-6.5864244
-5.6139274
0.46050835
2.0524883
4.07265
5.542738
1.1634979
0.93479633
1.0321178
-1.4006777
-2.123156
-2.0559783
-1.4887877
-2.0201697
-0.7479315
1.2374439
2.0187693
2.2994251
3.770876
4.442746
4.0007076
3.2992535
-0.4085617
-4.3969197
-6.4666367
-6.276352
-0.26714516
1.9863138
4.4177217
5.897971
1.2199955
0.47524166
0.31722736
-2.0139422
-2.2068987
-2.1006866
-2.3252597
-1.9726529
-0.009747505
1.7357321
2.7178059
3.2978086
4.7264395
4.83848
4.1736593
2.2722635
-2.407466
-5.030994
-7.127974
-5.149089
1.3554392
2.2671413
5.1426973
4.680125
0.34377193
1.447854
-0.19183254
-1.2346888
-2.2589984
-2.2798824
-2.0412722
-1.976656
0.81719494
2.6205492
2.3879814
3.9253902
5.2314787
4.5818596
3.7150154
0.12190151
-4.8094673
-7.0866017
-7.2848253
-1.5883417
1.3098726
3.5324554
6.212906
1.6868658
0.4797163
0.5782194
-2.153057
-2.26115
-2.2186985
-2.2360768
-2.430694
-0.61020184
1.4726181
2.9618359
3.4277172
4.9026814
5.292001
4.456872
2.7107458
-2.098917
-5.0944624
-7.407999
-6.1226544
1.2300348
2.0631533
5.5033293
4.868306
-0.24430275
1.444828
-0.8560095
-1.2077646
-2.0565166
-2.7998977
-2.265613
-2.0205517
0.24065304
1.9012251
1.6778555
3.0997639
4.4995003
4.730262
3.8147326
0.30741882
-4.1316214
-6.5632625
-7.5091677
-2.7974095
0.5882902
2.6845093
5.6168833
1.7791433
-0.26364517
0.88761234
-2.1181479
-1.8259401
-1.7347813
-2.059258
-2.306858
-1.1876717
1.4119034
2.2307014
3.4344435
5.6616163
5.6311235
4.6738615
2.579197
-2.5916448
-5.6213894
-7.523586
-5.3059754
0.38976002
0.83175755
4.2548666
3.4980593
0.051725388
2.0020733
-0.556859
-1.572319
-2.4177027
-2.1368823
-2.340252
-1.6232576
0.9454994
2.1436195
2.1119633
4.2062254
5.29331
5.2205687
3.8559303
-0.89640236
-4.9051795
-7.3142385
-6.347913
1.1171837
2.0984135
3.6021585
5.82907
0.6022272
1.070611
1.7029629
-1.7948751
-2.844667
-1.6737967
-1.8416224
-1.0649433
1.6473818
2.96562
2.667469
4.12271
4.9670324
4.6232967
3.7313871
-0.11759472
-4.428234
-7.0594225
-6.8835382
-1.0320377
1.5241938
3.1712046
6.0453463
1.6731052
0.14313221
0.7565336
-2.0304813
-2.5676308
-1.9323106
-1.1344662
-2.3238587
-0.18380928
2.0038948
2.6203175
3.859562
5.2964115
5.5380726
4.8050947
2.2280197
-2.634221
-6.1405497
-7.9581428
-4.9427176
-0.089336395
1.0019093
4.9434376
2.3677769
-0.64267635
1.6035519
-1.2192392
-0.9089241
-1.942471
-2.290217
-2.1940455
-2.0477128
0.18211842
2.1400805
2.2310944
3.5810633
5.559433
4.7414885
3.6965494
0.6398907
-4.152549
-6.5249095
-6.935049
-2.4093342
0.59905434
2.4911966
5.469679
1.5267067
0.13632488
0.6855364
-1.9104071
-1.2205791
-1.4057665
-1.01303
-1.35604
-0.7003708
1.2116137
2.29498
3.2155275
4.596183
5.176259
4.1406727
3.1128721
-0.87689495
-4.486252
-7.063984
-6.962736
-0.5375967
1.5759516
3.9347486
6.68631
1.290515
0.55179214
0.61915493
-2.6156092
-2.3783016
-1.9259162
-1.4440451
-1.9375539
-0.21681309
1.9520731
2.1525583
3.1176825
4.9668818
5.241375
4.5618935
2.4388838
-2.1650162
-5.250954
-7.495
-5.6874237
0.90068436
1.3548403
5.8650684
4.6966095
-0.29144573
2.0822363
-0.90483856
-0.91986656
-1.8191547
-2.1716099
-2.334291
-2.278121
0.38978767
1.8970652
1.7227154
3.9915218
4.5908117
4.048377
2.5337763
-1.599783
-4.5010223
-6.6607924
-5.249631
0.5351858
1.2968826
4.5892134
3.9174566
-0.11254978
1.036293
-0.82745266
-1.3795729
-1.9158363
-1.9708538
-1.8412385
-2.0722356
0.15533733
2.2753048
2.6068983
3.4477186
5.0144787
4.796274
3.9724436
1.6256342
-2.5093336
-5.131695
-6.0376263
-3.324123
1.7309504
1.8668222
4.459174
3.1642485
-0.5844383
1.0570688
-0.71121407
-1.3070078
-2.022541
-1.5758791
-1.6607141
-1.3496428
0.69184685
1.5937185
1.6099396
2.1905956
3.3797808
3.1715117
2.8081236
1.6048613
-0.76706886
-2.2219505
-3.6260285
-3.4180098
-2.526947
-1.6939983
0.58105946
2.0615816
1.3602238
2.8014154
2.245349
1.444293
1.1813917
-0.7311535
-2.037331
-1.5773335
-1.339613
-0.00088882446
1.5824862
0.47781277
0.88307476
0.24188995
-0.88339996
-0.37858486
0.47983265
1.4838047
2.1752453
2.41459
2.487832
3.4993773
3.127015
2.2698984
-0.013297081
-3.0956464
-4.9283404
-3.9665537
-1.1169004
0.3388996
2.6851244
2.0984144
0.19938469
0.9027376
-1.0992413
-1.8668756
-1.9380379
-2.369616
-2.3767662
-0.09813118
2.1222553
4.1902304
4.141144
4.717227
5.3047495
4.4020166
2.6878796
-2.0205994
-4.80622
-7.647191
-5.5944157
0.4561348
1.8942833
5.797431
3.8068047
-0.8972244
0.9125023
-2.533193
-2.0470676
-1.6023035
-2.2299037
-1.6430044
0.026174545
1.7062988
2.6748953
3.3576965
4.977376
5.4449835
4.77108
2.4324427
-2.7752256
-5.969264
-7.783123
-4.581174
0.47154236
1.9107838
5.495142
2.884861
-0.51555634
1.5912781
-1.5772095
-1.7435312
-1.8723912
-2.2982178
-2.5186057
-0.91509724
1.6414204
2.652999
3.7834396
5.7753906
5.8595085
5.020154
2.0001574
-3.3238516
-6.3684635
-8.002327
-4.0984406
0.09044266
1.9480572
5.2784376
1.9462261
-0.8167877
0.49459267
-2.1400032
-2.0956326
-1.8749638
-1.5954666
-2.647256
-0.8088875
1.7966547
2.242216
4.5877056
5.9591837
5.725009
4.9509506
1.5826321
-3.357606
-6.2425146
-7.9062333
-5.0526414
-0.45879364
0.74106693
4.558937
2.599969
-0.52282715
1.1635733
-1.2858295
-2.1680999
-2.5581937
-1.7033329
-3.2600784
-0.951643
2.0077915
2.212842
4.1419353
5.730877
5.9377937
5.503353
2.01822
-2.8491454
-5.931715
-8.196624
-4.9076023
-0.13921547
1.7362547
5.4656477
2.8815641
0.010767937
1.2148037
-1.065856
-1.2531366
-2.2961555
-2.2196765
-2.4789286
-2.236187
0.34986496
1.6775894
1.9752731
4.9446955
5.861759
5.487132
3.3428621
-2.0775495
-6.317873
-8.546934
-3.282703
-0.13945484
2.094081
6.3826046
1.7768774
-0.2909193
0.6343479
-2.9059448
-2.9480376
-2.2609162
-1.1884031
-1.9569683
0.1912508
2.5794067
2.4751272
4.105673
5.517022
5.4652824
4.4269257
1.0767574
-4.072322
-6.6954813
-7.993097
-3.0057855
0.6751871
2.173667
5.5967236
1.4720249
-0.14650059
1.3145113
-1.7895279
-1.638154
-1.6482096
-2.1063342
-2.324181
-0.65526676
0.9989996
2.1978846
2.728406
4.4603624
5.3115244
4.785447
3.209735
-1.996203
-5.085082
-7.612421
-6.4724736
0.970376
2.790022
6.335554
5.3764153
0.04761219
0.71303844
-0.91908455
-1.6668653
-2.3548636
-2.3482566
-2.4869452
-1.747673
0.23739338
2.4400568
2.2750664
4.4078255
5.8524733
5.770896
4.0911446
-0.70967484
-4.3994923
-7.5687227
-6.5986605
1.3112087
1.5380526
5.5035715
5.7132206
0.084329605
1.8849411
-0.30496693
-1.9572401
-2.8245912
-1.6419697
-1.6731014
-0.33968544
2.1868143
3.2129774
3.6202354
5.8266907
6.150156
5.131109
3.107092
-2.2973285
-5.175071
-7.327485
-5.4088593
0.9153757
1.7363434
5.11539
3.8488874
-1.024229
0.9523983
-1.4230967
-1.723814
-2.021111
-2.1752315
-2.6190672
-0.6834154
2.108243
2.583352
4.499378
5.6664133
5.438736
4.44436
1.1036739
-3.1214318
-5.7575564
-7.360214
-4.683806
0.044750214
2.4237022
5.6221743
3.5692244
-0.18148708
0.491395
-1.6636753
-2.0194554
-1.4575882
-1.3974562
-2.1382737
-0.18853378
1.7260695
1.6440773
3.3899632
4.907298
5.4495792
4.937626
2.1434402
-2.081367
-5.3446193
-7.3044324
-4.933877
0.8295946
1.5500488
5.9663305
4.305358
-0.29202175
1.601162
-0.76628876
-1.1890059
-1.571024
-1.1482534
-2.1675653
-1.7388039
0.65691566
2.1949482
2.155117
4.4443283
5.8992767
5.0826387
3.5695162
-0.9867935
-5.0512567
-7.48491
-5.4802437
0.6313896
2.29315
6.437109
4.7851925
0.15856838
1.2119846
-1.536911
-1.222395
-1.7228851
-1.888576
-1.950767
-0.5752697
1.9716825
3.0741234
3.2768335
5.591387
5.6652317
5.6113253
3.2175217
-2.7502713
-5.8077154
-8.398936
-6.252261
1.0881042
2.147026
5.8650265
5.4400024
-0.008677483
1.5571938
-0.6246166
-1.7082567
-1.9928312
-1.195219
-1.2198763
0.3885603
2.3999176
3.0467653
3.3711615
5.546896
6.1495047
5.8818626
3.2684155
-2.2540355
-5.2856383
-7.6640954
-5.9395986
0.58461285
2.437892
6.72596
5.2432737
-0.002913475
1.1534061
-1.8442788
-1.7442102
-2.2032628
-2.380762
-2.4651818
-0.63962936
1.9272375
2.1577387
3.3326511
5.39738
5.5321655
4.4512787
1.0840254
-4.317396
-6.759556
-7.5300956
-3.6281595
0.7406368
3.4010496
5.1239223
2.5885773
0.26233387
0.19336605
-1.7620497
-2.0169425
-2.2067647
-1.6133795
-1.4983616
0.6641731
2.1234293
1.9478283
3.7859592
5.550212
5.743929
4.3725777
0.8619518
-4.3127513
-6.818792
-6.98083
-1.6709118
0.9529505
4.309643
4.7783575
0.73426723
0.50517654
-0.8464594
-1.6029596
-1.9604077
-2.183951
-1.8567996
-1.6549664
0.49403477
2.6231766
2.3103542
4.638073
5.805435
5.0787134
3.9410048
-0.5462065
-4.8964252
-7.0868063
-5.8207254
0.22456741
1.2518053
5.938448
4.2113075
-0.72139835
1.5765953
-1.6844797
-1.3362064
-1.3242683
-1.9311562
-2.224275
-1.6196318
0.093440056
0.38269043
1.0099134
3.199998
4.3858366
5.178915
3.6217003
-0.19561481
-3.385613
-6.103368
-5.962598
-1.5367212
1.0209436
3.522293
4.6832867
1.4632149
0.7941294
0.6312742
-0.9392605
-1.620595
-2.2093158
-1.9470959
-1.5940771
-0.268857
1.6292114
2.5399227
2.2458267
3.6559658
4.747946
4.4455776
3.6593628
0.3559456
-3.4920802
-6.207423
-6.4015903
-2.2350354
0.7782965
4.3405514
4.974201
2.0425434
0.4507923
-0.42190456
-1.2896948
-1.4095097
-1.69034
-1.8885407
-1.5468102
-0.61585236
1.2590675
2.6573381
2.8843946
4.617877
5.183073
4.390935
3.1011066
-1.12006
-3.856491
-6.346653
-6.2287483
-0.9744768
0.8405428
2.8223276
5.1529436
1.2653265
0.45185852
0.85902977
-1.7962885
-2.0554757
-1.8292532
-1.8690834
-2.438294
-0.16034698
1.7055731
1.2660561
2.9012003
4.436945
4.8752193
4.755623
2.9772425
-0.82695675
-3.5738115
-5.737037
-6.2163258
