0.14151001
0.22751617
1.3894415
2.3465166
3.7926311
3.763174
3.7216053
4.5652237
4.4177094
2.5286865
0.20090485
-3.2341585
-6.1251736
-6.9372787
-5.7051835
1.3992872
3.4743204
3.7699537
3.6411657
-0.47764683
-4.522148
0.42921066
-1.0801725
-2.9522314
1.0914917
-0.1940136
-2.3872476
-1.1230936
0.09819031
0.23479843
2.2569942
3.6971607
4.083473
3.4114752
3.4639168
4.892438
5.137801
3.1389656
0.18576622
-3.5494528
-5.493535
-5.4061813
-3.0118847
3.9403973
3.7319002
4.7537565
5.6541786
0.3924799
-1.5451822
4.5354786
-1.0677452
-1.918952
2.3723316
-1.1524973
-2.792356
-1.040329
0.23609161
0.34928894
2.7894611
4.711273
4.2548866
4.691018
4.5263186
4.4106503
3.6273632
1.3848257
-0.98894024
-3.662726
-4.4117026
-4.376964
-2.0621796
3.102006
3.0799112
6.075224
4.970957
-0.83745766
0.6806116
0.8315735
-2.0451431
2.23061
0.18119812
-2.0695972
-1.1314182
0.05329609
0.026316643
1.2699919
3.4882183
5.0674057
5.1220093
4.4900312
3.7648087
3.4502373
1.9869194
-0.019067764
-2.867661
-5.608908
-6.504706
-5.969336
-0.39379787
4.393834
4.6544075
4.623432
2.7425175
-1.2919397
-0.005042076
0.66871643
-2.0830002
0.7041378
0.31216812
-1.9271994
-1.3387251
0.10912132
0.07194328
1.2949772
2.7443209
4.1513624
4.271309
4.5587044
4.6665
4.3957415
2.6358337
0.03860092
-2.8204741
-5.5799294
-6.28498
-5.884652
-1.5347805
3.7978687
4.5080175
6.001933
6.2912865
1.827033
0.64888954
2.4393377
-1.4552336
0.6823349
0.61669827
-1.9186697
-1.8663497
-0.6825018
0.06532097
0.89877796
2.2378807
4.652034
4.7443314
5.122326
5.458254
4.924654
3.6608639
0.73715305
-2.0852585
-5.0695095
-6.385095
-6.08062
-1.8297181
2.9259787
2.5794516
4.5480976
5.2992
1.8429041
1.2097273
4.1494684
-0.55935764
1.3090391
1.4562244
-1.8339863
-1.5634584
-0.41243076
0.076589584
0.9610596
2.4165096
4.055973
4.0984106
4.3384075
4.439251
4.7611694
2.642624
0.056559563
-2.776585
-5.9833093
-6.6558423
-6.2291627
-1.3077936
3.2088308
4.4980936
8.212555
4.3177023
2.1022625
1.9587202
0.58232784
-0.6701174
2.0874386
-0.5936346
-2.1070085
-0.91912556
-0.34622288
0.2821207
1.3464108
2.622758
4.9343987
5.027809
4.996869
5.4945364
4.9699774
2.690031
0.06855297
-3.2829018
-6.364904
-7.347998
-6.80334
0.9866915
4.4925356
6.4614563
9.263754
3.5217772
-1.1181707
4.1062927
-1.1565819
-1.1615486
0.850173
-2.1368947
-2.5777864
-0.56975365
0.25594807
1.4583082
3.5766296
4.9421244
4.0548296
3.983365
5.5642548
4.8557415
3.4022083
0.66981506
-3.5667763
-5.931835
-6.9977856
-4.052976
3.1458635
4.108654
6.944744
8.263075
4.744561
4.1571026
5.669157
0.516181
1.5216322
1.020464
-2.1904397
-1.7192364
-0.13768005
0.23517704
1.409522
2.4487648
3.5283031
3.5073643
3.2864437
4.696929
4.3076315
2.8073654
0.29326725
-3.6381965
-6.093363
-7.2139854
-6.7419205
0.9422989
3.27594
5.369748
7.4269714
1.7643709
-1.6625366
4.366125
-1.9233747
-2.276753
1.762125
-1.9103603
-2.5608559
-0.680356
0.14768124
0.68471336
2.2378426
4.6297493
4.698023
4.345108
4.7494755
5.11897
4.16146
1.8177948
-0.94540215
-4.717887
-6.1910186
-6.378
-3.9743257
1.9840803
3.1840277
7.0740166
8.341541
3.1326876
2.132927
3.297944
-0.16882229
2.308487
0.9170275
-2.047976
-1.7974224
-0.6817789
-0.08987999
0.847744
2.190773
4.614977
5.545953
4.6897135
5.0068417
5.4793243
4.617073
2.4759884
-0.23269844
-4.2855515
-6.187403
-6.5752964
-3.4830966
2.5030556
3.3377542
5.891856
6.280411
2.81174
1.994813
4.854375
0.07554817
0.2239666
1.0829096
-1.7669287
-1.6922369
-0.65027046
0.66527176
1.3002319
2.7131243
5.131053
4.98252
4.988597
5.705551
4.9288664
2.9433985
0.12523651
-3.2203279
-6.0101633
-6.876692
-6.7281504
-1.4605331
3.9879723
4.5360737
6.542597
3.8076344
-0.72878265
1.2368488
0.17262173
-1.9939113
1.4668922
-0.45239544
-2.4154935
-1.1872406
0.18736267
0.56284523
1.8573465
3.822215
4.624113
4.443918
4.801076
5.807063
5.053979
2.6576424
-0.47459412
-4.9128118
-6.9013944
-7.5281
-3.5277882
3.2746916
4.8300085
7.3603325
6.9855423
3.274104
2.1853437
3.4504623
-0.117871284
2.1599083
1.2862186
-1.7143984
-1.487114
-0.55333996
0.08748913
1.3672991
2.8254423
4.3502655
3.9918175
4.048149
5.0600452
4.982031
3.0934372
0.4558096
-2.734725
-5.681191
-6.8457355
-6.547144
1.0500736
5.002677
5.899602
5.786852
0.15452862
-4.3205576
0.65649796
-1.0170298
-2.7584
0.61531067
-1.0078001
-2.3204255
-1.0806618
-0.094329834
-0.60892105
0.7436085
1.395297
2.9945498
3.5150328
4.03547
4.3479586
4.988797
3.6704063
1.1621704
-1.252573
-4.5893455
-6.1268873
-5.9285808
-1.0415144
2.932395
3.5252562
4.304694
4.225171
1.5672293
1.2846785
3.0939121
-1.2941074
0.12868214
0.7067585
-1.8246036
-1.3452673
-0.36130428
-0.3131113
0.39576244
1.8186893
4.1918077
4.89021
5.391656
5.3488073
5.474221
3.9644098
1.3703871
-1.1163349
-4.6971316
-6.3278046
-6.519854
-3.5264144
2.7427464
3.2496166
6.6913643
6.8870792
3.0184393
2.135995
2.880906
-0.64899445
2.321228
0.5023422
-1.9865184
-1.3890553
-0.50621605
-0.1927681
0.55041313
1.6410961
3.7060328
4.3596706
3.555522
3.8664494
3.9950428
4.0806084
2.5562897
0.11356449
-3.42491
-5.6605124
-6.3795967
-5.327461
2.1277285
4.2214413
4.7611694
4.2212105
-0.15429115
-3.625833
2.648694
-1.1449232
-2.9217973
1.3165388
-0.9639492
-2.1920114
-0.7102356
0.55718994
0.117453575
1.5932808
2.2555122
3.0593243
2.704957
3.1144657
4.0674305
4.4735613
2.846264
0.20282269
-3.2014694
-5.907304
-6.8005314
-6.1297364
0.78735447
3.996132
4.4112253
4.4389896
1.586134
-0.5851717
0.10847664
1.5467405
-1.701582
1.1274099
0.51186657
-2.1713796
-1.5040894
-0.3830433
-0.07279873
1.2188349
2.5086145
4.216918
4.729101
5.018565
5.194232
5.444478
3.7187185
1.4937248
-1.4245901
-4.9153333
-6.076092
-6.1706038
-2.613946
3.1804066
3.7010202
5.543639
3.493248
-0.0025920868
1.1576366
1.0516548
-1.4540339
1.2761793
-0.06752014
-2.150064
-1.0164165
-0.30770016
-0.015467644
0.97479916
2.1638145
4.8433876
4.9964437
4.910342
4.721179
4.900179
3.9903793
1.902833
-0.62838554
-4.551949
-6.267875
-6.8118763
-4.0208235
2.6710234
3.310876
6.1142254
8.064476
3.6391306
2.7059946
5.616455
0.85259247
2.3133469
1.5444613
-1.8919158
-1.9622288
-0.84771156
-0.075572014
0.6837063
2.4487724
4.8376303
5.5761023
4.911376
4.739913
5.2556076
4.6560364
2.6341562
-0.054157257
-4.3718414
-6.160643
-6.7486167
-5.073565
2.6262808
3.4698982
5.0387297
7.4447174
0.5582552
-1.5343323
2.6797247
-2.131031
-1.3548317
1.5081949
-2.0412722
-1.6291771
-0.259758
0.03333187
0.67093945
1.6814661
3.2172508
4.246256
3.9600859
4.6155806
5.515279
4.618765
2.5212698
-0.45902252
-4.6379843
-6.792304
-7.386862
-4.390031
3.1241179
5.7174034
7.84861
7.5196476
1.3745356
0.34187126
0.5555439
-0.609355
-0.5465965
0.04246235
-1.6883516
-1.3658361
-0.10350227
0.09471512
0.06303787
1.0526791
2.4003277
3.7337704
3.740016
4.2094812
4.554577
4.486619
2.5680342
-0.073322296
-3.4845634
-6.3808956
-7.199892
-6.5148907
1.6973438
4.5780687
6.3475475
6.6512737
-1.0993805
-2.2857018
1.5233183
-0.8985052
-1.1058064
1.316638
-1.6028128
-1.3571596
-0.1601553
-0.01585579
0.25218678
0.689806
1.2660894
2.812563
2.1881523
3.3889647
4.6643457
4.6490507
3.3551235
0.29612255
-3.1079726
-5.9835033
-7.1963363
-6.6092033
-1.8992319
2.826169
3.4733276
5.00681
4.8387203
2.18116
1.817668
2.2844753
-1.0354738
1.2784462
-0.28037834
-1.6177053
-0.8890152
-0.24211979
0.38982487
0.6938257
1.4303017
2.671774
3.417817
2.7706108
2.9441195
3.681902
3.6779757
2.5576696
0.49192715
-2.6498218
-4.995562
-5.7158723
-5.130069
-1.1932144
2.5684385
1.99648
0.08073807
2.7631016
-3.03657
-0.69495296
2.6515684
-2.7077174
0.42204952
1.2947016
-1.6631517
-1.3510027
-0.4087782
-0.1247673
1.078701
2.498744
4.836117
4.8862524
5.1903915
6.322752
5.4390764
3.9115353
1.9545021
-1.0794077
-3.2953548
-4.505587
-4.848357
-2.060503
3.4450026
3.5008278
5.925041
5.2784176
-2.7252612
0.52937126
0.82260704
-2.2910438
2.057314
0.5535021
-1.7054272
-1.2185488
-0.43837547
-0.016566277
0.62395763
2.0571413
4.1565056
4.3875427
3.8725796
4.2223015
4.1148176
4.222559
2.3215256
0.012108803
-3.1780176
-4.9912457
-5.5566216
-4.9317455
0.46928596
3.7544775
4.18622
5.532607
1.8272076
-0.8728857
-0.36660004
0.8844557
-1.7126217
1.1401529
0.31651306
-1.9111352
-1.2788553
-0.19100285
-0.09601116
1.2691879
2.8314695
4.760661
4.7441025
4.7443247
5.066209
4.913128
3.5103655
0.97111607
-2.1215143
-5.3110685
-6.547002
-6.453001
-1.3793306
3.4885254
4.3032484
5.73804
1.1960535
-2.9485111
1.4091587
-1.6927404
-3.0658302
0.7103834
-1.5578575
-2.5995169
-0.99721146
0.11235809
0.20447254
1.8278856
2.9444256
3.764637
3.862629
3.9735136
4.2202578
4.252221
2.8048353
0.20271206
-3.1693325
-5.9128265
-6.961236
-6.081691
0.7199497
3.9952383
5.1783943
6.1250467
0.3254423
-1.3386269
2.721901
-1.3469992
-2.482727
0.034020424
-2.1186666
-2.8842564
-1.0124397
0.21499157
-0.031092644
1.8331699
3.4879045
4.2537584
5.0521803
5.02118
6.364897
5.4869385
2.6278696
-0.17031479
-4.427682
-6.4725294
-7.142418
-3.6253977
2.3339777
2.86512
5.4334297
2.3632812
-3.399496
1.5767908
-0.8950491
-2.1065626
1.7207117
-0.76000214
-2.2635226
-0.89945316
0.14156628
-0.25193024
1.7246761
4.1488895
5.0556526
4.8384476
4.5332546
4.96702
4.364312
2.1463594
-0.51735306
-4.5727315
-6.117346
-6.453001
-4.0422654
2.3142815
3.3267412
6.1002417
6.7560177
2.277278
2.134488
2.1846256
-1.3343334
1.9619837
-0.66283035
-2.11342
-1.1779041
-0.42505836
-0.18140984
1.1049566
2.4300709
4.171424
4.516679
4.715995
4.820798
5.1279726
3.3251371
0.38619328
-2.31328
-5.540197
-6.4516735
-6.0231094
-1.0155411
3.4886093
5.152746
5.782199
3.4045677
1.0662947
0.39993572
1.1631432
-0.98565865
1.490655
0.13707161
-1.7743397
-1.3725748
-0.30990696
-0.36649132
0.85484505
2.0159454
3.9316635
5.017107
5.010811
5.285679
6.1084976
5.1775713
2.766591
0.16471863
-3.9076395
-6.3625326
-6.9975214
-5.848749
1.1762238
4.130274
5.4139643
7.097128
1.37047
-1.3437548
2.0348854
-0.59167194
-2.0296106
0.52110386
-1.4452219
-2.2893038
-0.597311
0.11668682
0.6280384
2.3153067
4.2393694
5.0944147
4.48053
4.5835943
4.856576
4.4426355
2.3071003
-0.347291
-3.8422284
-6.0341825
-6.584236
-5.1850753
1.7128553
3.2762737
5.4887886
8.292751
1.9178734
-0.9795513
3.5188818
-1.2255068
-0.29966736
1.9942865
-1.6144218
-1.6256609
-0.49760342
-0.018850327
0.6481886
2.2102566
4.7953415
5.948901
5.0662403
5.3648643
5.1752253
3.7653608
1.6792202
-1.1251659
-4.864772
-6.6080713
-6.919972
-3.0415454
3.011675
3.6240005
5.4123316
5.7926083
2.0746107
0.52178574
4.6143456
0.12195778
-0.17427063
1.8807592
-1.4284315
-2.143755
-0.43270397
0.34526157
0.92365074
2.4412613
5.019409
5.805417
5.1058025
5.2197666
5.0992823
4.265094
2.0176392
-0.5341339
-4.239259
-6.1453853
-6.7130017
-5.3285995
2.0329819
4.5374517
6.7755127
9.200222
0.8555422
-1.0601063
2.4242163
-2.2333202
-1.6730556
0.8592739
-2.0736146
-2.3773656
-0.98363876
-0.23402596
-0.29026604
2.101017
4.10256
5.3237667
5.34484
5.024682
4.824419
3.2736073
0.48951244
-2.2696242
-5.5910263
-6.5962615
-6.294343
-1.3057632
3.4148426
4.3488293
6.163763
5.1161785
3.3068943
2.484459
3.151513
-0.627203
1.5927429
0.3894596
-1.8542213
-1.4847956
-0.6035471
-0.4980917
0.6998043
2.1489506
4.3572607
5.3632183
4.4508553
4.798815
5.1593103
4.3721313
2.2383356
-0.61621475
-4.411204
-6.2703657
-6.6459665
-4.616082
1.9465103
3.7237377
6.05184
7.1344566
2.9231596
2.5275583
2.9196606
0.0976553
0.6882858
-0.14090443
-1.7914839
-1.5898428
-0.6046457
-0.0967083
0.71178627
2.056697
4.6533356
5.5283136
4.943054
5.033861
5.601967
4.6924257
2.5745764
-0.10903931
-4.289619
-6.3836045
-6.627473
-4.659528
2.6298084
4.496829
5.8450785
5.9592533
0.8333607
-1.485465
2.2437172
-1.5747299
-2.4096856
0.8369007
-1.6206398
-2.2041407
-0.7815485
0.02722168
0.19403362
1.7804565
3.281824
3.7812567
3.4761982
3.8310728
3.926241
4.4786596
2.6723022
0.03663063
-3.1553168
-5.8923225
-6.4600887
-6.0365686
-1.0793648
3.5526962
4.0343637
5.79265
3.6192064
1.4185495
0.6045799
1.9633799
-0.9512348
1.7907534
-0.05793476
-2.1163626
-1.4074774
-0.5850706
-0.13392067
0.83076286
2.1892347
4.925517
5.8909464
5.1370125
5.4148426
5.509822
4.6572933
2.6544495
0.18537712
-3.94039
-6.06207
-6.630538
-5.2493463
2.1454124
4.130666
4.4362097
3.423707
-0.07877445
-2.6387486
1.9681778
-0.3847065
-3.4987822
-0.029536247
-0.7463751
-2.357316
-0.8505497
-0.051647186
-0.70714664
1.0439892
2.4442825
4.3483257
4.2744713
4.4776134
4.4182234
4.4035635
3.0383482
0.37896633
-2.0712762
-5.2385306
-6.515314
-6.4910254
-2.1438637
3.6023445
3.7144175
5.7557163
2.5816832
-2.1210437
0.71964073
-1.0214739
-2.506207
1.5580263
-0.6831112
-2.2794266
-1.0723848
-0.38280678
-0.5170746
0.7815552
1.9609747
4.317874
5.0958405
4.7871065
4.9566574
5.3259554
4.1253805
1.8567657
-0.8659115
-4.592049
-6.003621
-6.178751
-3.5051374
2.643793
3.5937643
6.585827
7.455818
4.3537245
2.153635
3.0294561
-0.9325571
1.8309469
0.901083
-1.5197124
-1.2986746
-0.7041502
-0.34025383
0.018841743
1.6097288
4.180558
5.1176777
4.392332
4.785453
4.073019
3.6330442
2.624445
0.16481209
-2.57658
-4.8941965
-6.08468
-5.8635416
-0.8577814
3.045784
3.9022484
6.3836365
0.23983192
-2.0991096
1.2081871
-1.4374037
-2.4514356
1.5652065
-1.3174477
-2.3592086
-0.92002296
-0.274868
-0.23107052
1.2428436
1.869564
3.4207
4.1667776
4.3684883
4.705797
5.158368
3.7453842
1.222476
-1.1076717
-4.423648
-5.911874
-6.0415907
-3.4445333
1.8541489
2.7930841
3.848915
4.703623
1.1439734
0.455575
5.70805
0.07339859
-0.14160538
1.282588
-1.6633453
-1.6936207
-0.35215664
0.2695446
-0.012986183
1.624198
4.375592
5.5200176
5.3633175
5.4272623
4.6472855
4.316206
2.263914
-0.15234947
-3.4736423
-5.863965
-6.5673833
-5.919693
0.90193176
4.1939077
4.894268
5.6149645
0.9353924
-2.8928514
1.3697395
-1.240448
-2.9902544
0.893301
-0.80328083
-2.2793407
-1.0788231
-0.3116169
-0.22454453
1.117548
2.4822025
4.187129
3.8463812
4.5631275
4.4264755
4.355977
3.3395329
0.682848
-2.071516
-5.193311
-6.513961
-6.664598
-3.2203002
3.2505188
4.0570774
5.593917
6.4789352
1.7973976
0.74279976
4.5653534
-0.41093922
-0.794219
1.1333723
-1.7066536
-2.419485
-0.79932594
-0.08946037
-0.273448
1.4089518
2.5691738
3.8022795
3.983366
4.1877384
3.9247541
4.359336
3.4960232
1.1261883
-1.4868917
-4.650381
-6.265333
-6.2530184
-2.941279
3.3116188
4.0622616
5.878722
6.920656
1.6224613
-0.14758587
3.526968
-1.3067999
-0.59396744
1.4637079
-1.608818
-1.8416462
-0.4901333
-0.04465103
0.038684845
1.7005367
3.1242256
4.4282026
3.9925165
3.8616524
3.7649384
3.68116
2.0557737
-0.09631634
-2.9112563
-5.2974305
-6.0145636
-5.4836106
-0.3163948
3.88556
5.2507105
5.2317257
5.9420347
1.9661694
-0.28871632
3.2462559
-0.83397293
0.17613506
1.9842691
-1.5311937
-1.1106796
0.26998615
0.07411194
1.8576651
3.1838274
4.195657
3.1096125
3.1902237
3.6859732
4.291278
2.7061872
0.09355354
-3.4693818
-6.008917
-6.6518707
-5.417431
2.1714525
4.410181
6.150876
6.0855646
-0.9654083
-3.3081455
1.9374237
-1.5616589
-2.7002997
1.038723
-1.8015347
-2.704791
-1.0384455
0.017321587
-0.10800648
1.1763515
2.659503
4.0181313
4.6267223
4.3304176
3.9468126
4.5795383
3.741619
1.5649042
-1.0422869
-4.7481437
-5.9932933
-6.473865
-3.466148
2.930006
4.427655
5.978463
5.5371475
1.0469294
-0.69582844
1.5435705
-1.4502258
-0.6887665
0.9202795
-1.2243834
-1.8487644
-0.8085985
0.03788376
-0.036066055
1.7044134
2.5564327
3.6645622
4.003872
3.8759775
4.4393415
4.5987787
3.8346767
1.2280006
-1.6972799
-4.609778
-5.516673
-5.563611
-3.4936962
3.0262108
3.2346249
5.6280947
7.1380367
1.470109
-1.1409187
3.0026045
-2.5340223
-1.778347
1.3164797
-1.3092012
-2.179134
-0.2681074
0.48029232
-0.0692358
1.73983
3.517232
5.481345
5.0514765
4.9404764
4.153675
2.9626055
1.9809713
0.046031
-2.3581629
-4.333456
-5.348862
-5.0737214
0.5948105
3.5923805
4.51756
6.1717663
0.4313774
-3.0940156
1.5963221
-1.0526123
-1.4447441
1.5909843
-1.4052248
-2.1319985
-0.7148466
-0.40569973
-0.10351181
1.8712797
2.8673668
4.8274612
3.6371021
3.4773865
4.9924517
4.9621096
3.9340668
1.1922674
-2.7893152
-5.4841905
-6.3121614
-5.78604
1.2643557
4.5899544
4.9691734
5.453307
2.937665
0.14486694
0.21763039
2.2898445
-1.0828838
1.1954374
0.7372322
-1.7228041
-1.3897047
-0.37077618
0.016972542
1.0166855
2.4747133
4.1334352
3.783536
3.9422455
4.426119
4.26276
3.01433
0.54837036
-2.309147
-5.127808
-6.4477496
-6.32442
-1.692523
3.7538338
3.813159
4.3494787
3.3905106
-1.2957525
0.58363056
1.3897057
-2.1854353
0.7089987
-0.21726704
-2.2184544
-0.9465542
0.33468437
0.787652
1.9050274
3.9870234
5.3535795
4.9252157
5.5484056
5.665021
4.40489
2.361268
-0.3056984
-3.7444477
-5.976038
-6.386614
-5.2697453
1.692997
2.9333563
4.868559
6.7349186
1.4040956
-0.838047
3.847577
-1.6551476
-2.112986
1.3969612
-1.6620817
-2.2921176
-0.68011284
0.13916016
0.3637457
2.020276
3.7917042
4.6031246
4.505562
4.7448864
5.6756706
4.86032
2.6200037
-0.17033386
-4.0610423
-5.9574614
-6.388404
-5.295826
1.1832399
3.443715
6.112418
9.585865
4.1874466
0.36566162
3.1319923
-1.5773783
0.19139004
1.360589
-1.5122614
-1.7531071
-0.4275303
0.07737827
-0.34576225
1.8156576
3.9683704
4.959547
4.42834
4.4472113
4.8902674
4.6284637
2.6157122
-0.1358099
-3.6424084
-5.7825346
-6.0630116
-4.919811
1.8242731
4.148844
5.707882
7.565235
1.3812361
-2.3843603
2.6869574
-3.232705
-3.0507793
1.6242628
-2.188004
-2.471211
-0.76370335
-0.043492317
0.30879402
1.6884232
3.2857428
4.2177124
3.1542177
3.2983828
3.2726078
3.5942354
2.7202568
0.41007233
-2.453302
-4.8552275
-6.047977
-6.0353384
-1.5136814
2.6233864
3.1845274
4.677499
3.221795
0.15715313
0.09651375
1.7591114
-1.306036
1.6495676
0.23931408
-2.2017498
-1.3141804
-0.2743721
0.08087826
1.2828636
2.3916006
4.7789173
4.5449123
4.892337
5.5660954
5.0126076
3.6748314
0.94815636
-1.9524202
-5.0478635
-6.6019583
-6.6377892
-1.5686817
